3 10000 10000
1 1 1025
1 2 350
1 3 3896
1 12 2773
1 13 3249
1 17 6541
1 20 1930
1 20 7949
1 28 2568
1 29 758
1 29 7624
1 31 8447
1 33 769
1 34 6424
1 35 4748
1 36 3125
1 36 6875
1 37 3059
1 37 3825
1 41 5723
1 42 7833
1 42 9407
1 44 5511
1 45 3307
1 47 1894
1 50 5666
1 57 1521
1 57 8637
1 60 4519
1 61 8696
1 66 4253
1 66 4759
1 70 1512
1 72 4350
1 75 2144
1 76 1638
1 79 3471
1 83 4881
1 88 7212
1 92 1211
1 95 7077
1 100 244
1 100 1328
1 103 1111
1 104 3029
1 105 3277
1 105 3469
1 105 9245
1 107 238
1 107 4994
1 110 690
1 110 6024
1 115 9573
1 117 5089
1 118 1698
1 123 1288
1 128 5832
1 128 8274
1 129 2831
1 131 1207
1 131 2443
1 133 3897
1 133 7231
1 134 7242
1 134 8222
1 135 6907
1 136 4116
1 138 8471
1 142 1353
1 142 2681
1 142 4423
1 145 2246
1 147 231
1 149 7632
1 149 7788
1 152 9823
1 154 9259
1 161 4049
1 164 2059
1 165 9910
1 168 4224
1 171 1505
1 171 8189
1 176 7440
1 177 1378
1 178 7632
1 179 9353
1 180 2330
1 183 4254
1 185 5681
1 189 6051
1 191 7072
1 191 9971
1 193 1946
1 193 7442
1 201 4745
1 202 8003
1 204 4396
1 210 1697
1 212 8431
1 212 9658
1 213 317
1 213 1772
1 215 1935
1 215 6885
1 215 8229
1 221 7269
1 225 997
1 230 9641
1 232 4795
1 243 1679
1 243 4735
1 246 3122
1 246 5757
1 250 9496
1 253 5803
1 256 8636
1 257 2214
1 260 1143
1 262 6535
1 263 2859
1 267 1253
1 269 8315
1 274 2965
1 275 1147
1 276 2837
1 279 7633
1 281 3503
1 282 2301
1 282 6910
1 283 1164
1 284 960
1 284 6601
1 286 9769
1 290 3137
1 290 9731
1 292 5529
1 292 6555
1 293 2085
1 296 7484
1 297 5897
1 304 6468
1 304 7892
1 305 947
1 307 1065
1 307 7106
1 312 3127
1 313 3368
1 315 3060
1 320 6186
1 324 6880
1 325 3003
1 336 6559
1 337 3646
1 339 5610
1 339 9419
1 339 9974
1 341 1557
1 342 1467
1 342 7293
1 343 6728
1 346 4192
1 348 524
1 352 6261
1 356 457
1 358 1743
1 358 8658
1 363 2975
1 363 3933
1 365 5546
1 366 397
1 369 7618
1 370 5561
1 371 9484
1 375 4891
1 375 5859
1 379 991
1 382 2376
1 382 9797
1 387 5676
1 388 7145
1 389 7553
1 390 2601
1 393 4537
1 395 7227
1 405 5833
1 408 719
1 408 5960
1 408 6484
1 409 2997
1 415 4257
1 416 2971
1 423 9695
1 424 1870
1 425 635
1 426 5959
1 427 728
1 428 1402
1 428 3206
1 431 2007
1 434 2265
1 434 3690
1 436 2380
1 436 3517
1 436 5304
1 437 7237
1 440 5549
1 442 8866
1 444 6579
1 451 673
1 451 5086
1 452 4967
1 452 7859
1 456 6013
1 456 6844
1 463 4621
1 464 8827
1 472 1079
1 472 5910
1 476 2538
1 481 5306
1 482 2845
1 483 9945
1 484 7835
1 484 8585
1 485 9782
1 488 3506
1 488 7080
1 489 1081
1 493 1917
1 493 2390
1 493 9595
1 495 804
1 495 3325
1 495 8772
1 496 2180
1 497 3805
1 498 9099
1 505 3023
1 506 3596
1 507 1927
1 511 7187
1 513 5217
1 517 6279
1 518 2385
1 526 4330
1 531 4015
1 531 7663
1 532 2646
1 532 8925
1 533 7080
1 537 1747
1 538 4041
1 538 5669
1 538 9233
1 539 776
1 539 4080
1 540 3404
1 543 8319
1 546 4070
1 550 8176
1 557 920
1 562 3269
1 562 4070
1 570 6267
1 572 6539
1 575 2435
1 576 1870
1 577 3891
1 580 2199
1 583 2813
1 586 1703
1 586 4913
1 587 4390
1 592 3326
1 593 6176
1 597 2387
1 597 6040
1 599 2556
1 601 1359
1 604 9848
1 611 855
1 612 4439
1 612 7112
1 614 7953
1 616 5814
1 619 8259
1 620 800
1 624 985
1 624 3393
1 625 3935
1 626 9982
1 628 3894
1 628 6705
1 629 1815
1 629 6240
1 633 9556
1 634 4251
1 637 7129
1 644 9180
1 646 3999
1 648 2287
1 652 7521
1 655 4633
1 659 3948
1 659 8268
1 659 9676
1 662 5236
1 666 5616
1 667 2240
1 667 6035
1 668 9124
1 670 4012
1 681 9950
1 685 2722
1 692 2508
1 693 6666
1 694 1438
1 701 3224
1 710 3443
1 713 5798
1 715 8777
1 717 2063
1 718 4737
1 719 7297
1 730 7157
1 732 8297
1 735 3630
1 737 1644
1 738 8327
1 739 9863
1 745 6420
1 746 8008
1 746 9290
1 752 6228
1 753 5471
1 756 5200
1 756 7502
1 756 7979
1 757 1478
1 761 3249
1 764 8356
1 765 7476
1 766 9053
1 771 3223
1 772 4660
1 772 8114
1 777 7897
1 779 9047
1 782 5120
1 786 8875
1 787 5873
1 789 1089
1 790 6450
1 791 1559
1 791 8011
1 793 5007
1 794 9855
1 795 2428
1 796 1812
1 798 1380
1 800 6679
1 800 7230
1 801 7463
1 802 4316
1 804 7720
1 805 9826
1 806 6592
1 808 2957
1 813 7587
1 816 1960
1 816 4820
1 817 2248
1 818 6431
1 819 5152
1 827 3494
1 828 7145
1 829 2487
1 829 8348
1 830 3626
1 831 1856
1 836 7452
1 842 9640
1 851 7987
1 852 9641
1 863 7415
1 864 1425
1 864 2944
1 865 3431
1 869 9312
1 874 1076
1 879 9217
1 885 1626
1 886 8919
1 889 3199
1 890 3238
1 891 1889
1 891 6003
1 892 7867
1 895 4012
1 897 7243
1 897 8988
1 898 7700
1 899 1751
1 899 7536
1 901 2035
1 903 4237
1 904 1902
1 904 4643
1 906 6189
1 908 4202
1 916 9057
1 920 1323
1 920 3347
1 920 6733
1 922 1983
1 922 6751
1 924 2680
1 925 6381
1 931 1627
1 937 9717
1 941 4095
1 942 8389
1 943 2180
1 946 4345
1 949 4456
1 950 1287
1 952 7714
1 953 4584
1 957 2814
1 957 3920
1 959 7224
1 962 4523
1 964 4986
1 964 7267
1 966 5904
1 968 7722
1 970 7967
1 972 4255
1 980 1745
1 980 7166
1 982 1450
1 983 7969
1 988 5669
1 989 4786
1 991 7876
1 993 1510
1 995 9095
1 999 5267
1 1002 6574
1 1004 3095
1 1004 3278
1 1009 2915
1 1010 4760
1 1011 5572
1 1013 8010
1 1014 8569
1 1016 7326
1 1020 8503
1 1023 4698
1 1024 5499
1 1024 8512
1 1025 5481
1 1029 9160
1 1030 5549
1 1031 8988
1 1033 7403
1 1036 5970
1 1038 6831
1 1040 6620
1 1041 7762
1 1043 3627
1 1043 7290
1 1050 8680
1 1055 3976
1 1056 2096
1 1057 1656
1 1059 1966
1 1063 1671
1 1064 2413
1 1064 3741
1 1066 6913
1 1068 2704
1 1070 1550
1 1070 5994
1 1072 5283
1 1075 6473
1 1075 7193
1 1077 4415
1 1082 1326
1 1082 9368
1 1084 3048
1 1089 7408
1 1092 1311
1 1101 7661
1 1103 7191
1 1104 7842
1 1107 4098
1 1116 1129
1 1118 2671
1 1119 2228
1 1121 6153
1 1126 4833
1 1126 8660
1 1126 9951
1 1127 3356
1 1131 2208
1 1131 9054
1 1133 5255
1 1134 2479
1 1137 3670
1 1137 9270
1 1138 9069
1 1140 1152
1 1141 8890
1 1143 4895
1 1144 3161
1 1145 6615
1 1149 3853
1 1152 7716
1 1156 1804
1 1156 3845
1 1158 3315
1 1162 2921
1 1163 9050
1 1164 1786
1 1164 5306
1 1166 7692
1 1169 1975
1 1170 1335
1 1177 9832
1 1178 9160
1 1181 8261
1 1183 1301
1 1184 9932
1 1187 6397
1 1191 7092
1 1192 3609
1 1193 8084
1 1197 8155
1 1203 1734
1 1203 1808
1 1203 8605
1 1204 8785
1 1206 5524
1 1206 8242
1 1210 6813
1 1213 5738
1 1213 5764
1 1213 7179
1 1215 3009
1 1215 4830
1 1216 3858
1 1217 8419
1 1218 3440
1 1218 4129
1 1223 7868
1 1224 9945
1 1231 5586
1 1232 3718
1 1233 7701
1 1234 2113
1 1235 5449
1 1236 4638
1 1236 5578
1 1237 9732
1 1242 8353
1 1243 3042
1 1249 7540
1 1250 4029
1 1251 1420
1 1259 8407
1 1260 8947
1 1261 5145
1 1261 7990
1 1272 1412
1 1272 3284
1 1273 9487
1 1274 6176
1 1274 7336
1 1276 3138
1 1278 1743
1 1278 3910
1 1283 7253
1 1289 6892
1 1290 2343
1 1294 2380
1 1294 5781
1 1295 3786
1 1295 8350
1 1297 5202
1 1298 1922
1 1298 8338
1 1299 1386
1 1300 8884
1 1301 1830
1 1303 6931
1 1304 9529
1 1310 8728
1 1312 3926
1 1316 6323
1 1318 3732
1 1319 6543
1 1324 6022
1 1325 4277
1 1326 2619
1 1333 9793
1 1335 1708
1 1336 5732
1 1338 3105
1 1340 6164
1 1343 2449
1 1344 4467
1 1344 4724
1 1344 5052
1 1345 3372
1 1347 7549
1 1350 3647
1 1350 9351
1 1351 5265
1 1355 6882
1 1356 6440
1 1358 2280
1 1361 7192
1 1376 3289
1 1377 5106
1 1378 9299
1 1382 5959
1 1390 4446
1 1392 9215
1 1394 3384
1 1395 5031
1 1395 9218
1 1398 2502
1 1400 2756
1 1406 4973
1 1406 8753
1 1411 8718
1 1412 5778
1 1415 5549
1 1419 1745
1 1419 2180
1 1419 3192
1 1426 1515
1 1426 2090
1 1426 8098
1 1427 9804
1 1430 2255
1 1433 4804
1 1433 7093
1 1435 9483
1 1438 2237
1 1438 6689
1 1439 1850
1 1439 4337
1 1442 3863
1 1442 3973
1 1446 2126
1 1446 6618
1 1447 5733
1 1449 5870
1 1450 2291
1 1452 7079
1 1453 5181
1 1456 2189
1 1457 6019
1 1457 8213
1 1458 5065
1 1459 9025
1 1460 8005
1 1462 3682
1 1467 6867
1 1468 8290
1 1470 1528
1 1471 4556
1 1472 2294
1 1477 8745
1 1483 8057
1 1495 6936
1 1496 6108
1 1499 7863
1 1500 5762
1 1503 1942
1 1509 2692
1 1509 3775
1 1511 7162
1 1512 4544
1 1516 3630
1 1518 9583
1 1521 7024
1 1522 9950
1 1524 4157
1 1529 5964
1 1536 3715
1 1537 7366
1 1544 2141
1 1545 3745
1 1545 6844
1 1548 9058
1 1551 9811
1 1552 3339
1 1554 9385
1 1556 4838
1 1559 8465
1 1561 9586
1 1562 9066
1 1564 7288
1 1565 8096
1 1569 7026
1 1572 6634
1 1574 6024
1 1576 8096
1 1577 1946
1 1577 5255
1 1584 1974
1 1584 4219
1 1586 3176
1 1589 3807
1 1595 9484
1 1598 3864
1 1601 1682
1 1603 8508
1 1605 5442
1 1607 7796
1 1611 9289
1 1612 9402
1 1613 2358
1 1613 7400
1 1615 7650
1 1628 3148
1 1629 4069
1 1629 9589
1 1634 9542
1 1637 3520
1 1637 3755
1 1638 3458
1 1639 7339
1 1641 3759
1 1641 6817
1 1642 5760
1 1644 5284
1 1644 9643
1 1646 7430
1 1648 5828
1 1648 6339
1 1655 7488
1 1656 9737
1 1659 7501
1 1661 3456
1 1667 4303
1 1668 2322
1 1668 8817
1 1668 9180
1 1675 1792
1 1685 6380
1 1685 6499
1 1687 2020
1 1688 9098
1 1691 4280
1 1693 9555
1 1698 2837
1 1700 9724
1 1705 4464
1 1707 1952
1 1711 9079
1 1714 6322
1 1718 8633
1 1720 4979
1 1722 2352
1 1725 4106
1 1729 1945
1 1730 4464
1 1730 8500
1 1732 8479
1 1740 6966
1 1741 3314
1 1747 7304
1 1751 5047
1 1752 4852
1 1758 7454
1 1759 4684
1 1760 6847
1 1766 3024
1 1766 5792
1 1768 5893
1 1769 9812
1 1771 9322
1 1772 8415
1 1774 4663
1 1776 5450
1 1779 5200
1 1785 4156
1 1786 5166
1 1787 5332
1 1789 7941
1 1799 3496
1 1800 5883
1 1802 4599
1 1804 3814
1 1804 6992
1 1807 5699
1 1807 7805
1 1814 6171
1 1815 8711
1 1819 8981
1 1821 5004
1 1825 4481
1 1827 9049
1 1835 3742
1 1835 4369
1 1837 6620
1 1842 7587
1 1843 3250
1 1843 7090
1 1844 9471
1 1847 3693
1 1848 9998
1 1849 3810
1 1849 6038
1 1852 9953
1 1855 1867
1 1856 3864
1 1856 9094
1 1857 7673
1 1858 1888
1 1858 3092
1 1858 9513
1 1859 4381
1 1860 2557
1 1863 9645
1 1871 6356
1 1873 2779
1 1877 3706
1 1877 9222
1 1879 8331
1 1886 3966
1 1886 4556
1 1889 6366
1 1890 4992
1 1891 2366
1 1892 9682
1 1897 5987
1 1897 7407
1 1900 7610
1 1901 8053
1 1902 5622
1 1905 9479
1 1907 8512
1 1908 4428
1 1912 6991
1 1918 7676
1 1926 9739
1 1927 8149
1 1932 6842
1 1933 3745
1 1939 9066
1 1940 6806
1 1942 6354
1 1949 3057
1 1950 9172
1 1952 6430
1 1955 5735
1 1957 9266
1 1963 7243
1 1965 8788
1 1967 6147
1 1969 6975
1 1973 3701
1 1975 5899
1 1975 8219
1 1979 8240
1 1980 2011
1 1980 4140
1 1982 8223
1 1983 9212
1 1990 8432
1 1993 4889
1 1994 4522
1 1995 9775
1 1996 3983
1 1998 4723
1 1998 7424
1 1999 9318
1 2004 7188
1 2005 8858
1 2012 9005
1 2014 4731
1 2015 3080
1 2016 6467
1 2018 6552
1 2020 2230
1 2024 9172
1 2031 6960
1 2042 3937
1 2048 7357
1 2051 6360
1 2052 7702
1 2054 8177
1 2055 9425
1 2056 3010
1 2056 6878
1 2057 5514
1 2058 3688
1 2061 4143
1 2061 5204
1 2064 8636
1 2064 9309
1 2066 7368
1 2071 2537
1 2072 8527
1 2080 2853
1 2081 5462
1 2084 6069
1 2087 8314
1 2088 3856
1 2088 6048
1 2088 9927
1 2092 4277
1 2096 5964
1 2096 8973
1 2096 9499
1 2096 9529
1 2106 4559
1 2118 7667
1 2120 8732
1 2121 8153
1 2129 8645
1 2133 6554
1 2133 8371
1 2135 9689
1 2136 5701
1 2137 4477
1 2138 7856
1 2142 3215
1 2147 9417
1 2151 8004
1 2151 8265
1 2151 9305
1 2152 6817
1 2152 9954
1 2156 3856
1 2157 8439
1 2159 6142
1 2160 6069
1 2161 6850
1 2175 8010
1 2176 9809
1 2182 2291
1 2184 8622
1 2185 6221
1 2186 2964
1 2186 9490
1 2191 5299
1 2193 3831
1 2194 4374
1 2195 2687
1 2198 8938
1 2199 2258
1 2206 5140
1 2209 6864
1 2209 9692
1 2210 2761
1 2214 7069
1 2215 7315
1 2220 2876
1 2223 7885
1 2225 4512
1 2225 5214
1 2226 4542
1 2227 9940
1 2232 5803
1 2232 8403
1 2233 4633
1 2234 3576
1 2234 8225
1 2237 9043
1 2238 9571
1 2243 5359
1 2244 4381
1 2245 6712
1 2246 8887
1 2247 5180
1 2247 8249
1 2250 4683
1 2251 6172
1 2251 9257
1 2261 9381
1 2265 6695
1 2277 5119
1 2283 6657
1 2286 7317
1 2287 8643
1 2302 7742
1 2304 9849
1 2305 5659
1 2305 7025
1 2305 7230
1 2307 7707
1 2308 5984
1 2313 6280
1 2313 8774
1 2316 2956
1 2316 3419
1 2324 5522
1 2326 5904
1 2329 5930
1 2331 2346
1 2331 7729
1 2332 2366
1 2332 4107
1 2332 7619
1 2332 9408
1 2333 5050
1 2335 7321
1 2337 9912
1 2338 3302
1 2340 6264
1 2342 8146
1 2343 6295
1 2348 4433
1 2350 4830
1 2350 8575
1 2350 9508
1 2352 8463
1 2357 9003
1 2364 5146
1 2377 5696
1 2380 4035
1 2381 8659
1 2383 9665
1 2387 4717
1 2389 3725
1 2389 4191
1 2392 2772
1 2393 3624
1 2395 3012
1 2395 5432
1 2405 6625
1 2406 7130
1 2410 5214
1 2412 2766
1 2414 3225
1 2414 7737
1 2418 2453
1 2422 9725
1 2427 6031
1 2431 4494
1 2432 5745
1 2433 4964
1 2435 4636
1 2435 7700
1 2438 8205
1 2441 5997
1 2442 3005
1 2452 9607
1 2453 8639
1 2454 7554
1 2456 7149
1 2458 6125
1 2458 8816
1 2459 7479
1 2462 8836
1 2465 4877
1 2468 3105
1 2473 9188
1 2477 9137
1 2482 6324
1 2484 3247
1 2485 7873
1 2488 4865
1 2493 9943
1 2499 8235
1 2503 7302
1 2505 4267
1 2506 3441
1 2511 2789
1 2511 8889
1 2516 4242
1 2518 4680
1 2520 3349
1 2520 3411
1 2520 6752
1 2528 6788
1 2532 7146
1 2533 5022
1 2536 9687
1 2539 5005
1 2540 3961
1 2542 3471
1 2545 7177
1 2549 3053
1 2550 5621
1 2552 4590
1 2554 5636
1 2556 9201
1 2563 3337
1 2567 3670
1 2567 5058
1 2569 7327
1 2571 6852
1 2572 4864
1 2573 3638
1 2576 5317
1 2585 8233
1 2586 3136
1 2587 8666
1 2593 3335
1 2594 9340
1 2597 9031
1 2598 2839
1 2600 9044
1 2601 5541
1 2606 5790
1 2606 9824
1 2607 7631
1 2612 6646
1 2612 8616
1 2614 4028
1 2615 4550
1 2616 6585
1 2616 9544
1 2620 7678
1 2620 8038
1 2621 7805
1 2623 2987
1 2623 3310
1 2624 3846
1 2627 9013
1 2631 3442
1 2631 7907
1 2632 4034
1 2633 6394
1 2633 8065
1 2633 9045
1 2636 8156
1 2636 9129
1 2637 7217
1 2638 3106
1 2638 5257
1 2640 4097
1 2641 2828
1 2642 5873
1 2648 5099
1 2655 7571
1 2658 3844
1 2658 5574
1 2662 9005
1 2667 7740
1 2672 4319
1 2678 6581
1 2681 3965
1 2685 4357
1 2688 3327
1 2690 8676
1 2693 6710
1 2694 3119
1 2698 7792
1 2701 5284
1 2704 6173
1 2705 4153
1 2706 3888
1 2708 9993
1 2713 3916
1 2715 2923
1 2715 4366
1 2715 8366
1 2718 3300
1 2722 8063
1 2723 4185
1 2724 3913
1 2724 4672
1 2724 7702
1 2726 6118
1 2726 8845
1 2727 8475
1 2734 7955
1 2744 5201
1 2748 8774
1 2749 9373
1 2751 5206
1 2751 7835
1 2752 5055
1 2757 9136
1 2769 8015
1 2771 4149
1 2772 8942
1 2773 8299
1 2774 3108
1 2782 7961
1 2784 8753
1 2793 6842
1 2796 7223
1 2798 6430
1 2799 6719
1 2802 4572
1 2805 5411
1 2807 3385
1 2808 9000
1 2809 6869
1 2812 3496
1 2813 8039
1 2815 5330
1 2824 8129
1 2827 4473
1 2829 6763
1 2837 4745
1 2847 9773
1 2851 3374
1 2854 4880
1 2857 7594
1 2862 5702
1 2863 7496
1 2869 8866
1 2870 3570
1 2876 8188
1 2876 9044
1 2876 9730
1 2877 4099
1 2881 3454
1 2883 7935
1 2884 4093
1 2884 6328
1 2886 4251
1 2895 5844
1 2896 9828
1 2896 9889
1 2897 3512
1 2898 7434
1 2903 4492
1 2914 6184
1 2916 3280
1 2916 5071
1 2920 8980
1 2924 8384
1 2929 8885
1 2933 3864
1 2935 5507
1 2939 3036
1 2941 7710
1 2942 4473
1 2947 4711
1 2948 2949
1 2949 8294
1 2950 9116
1 2955 4040
1 2956 8023
1 2959 9638
1 2961 7541
1 2965 8420
1 2967 5806
1 2969 6744
1 2974 6816
1 2975 5859
1 2977 5535
1 2977 5606
1 2980 7599
1 2983 8921
1 2992 8615
1 2992 9071
1 2993 3054
1 2993 5066
1 3001 4176
1 3005 5489
1 3005 5651
1 3006 7805
1 3007 7429
1 3015 5337
1 3023 4716
1 3023 6098
1 3032 4306
1 3032 7242
1 3033 4782
1 3033 9509
1 3038 5757
1 3038 7756
1 3040 7194
1 3044 5829
1 3047 8938
1 3061 3324
1 3070 7807
1 3076 3966
1 3078 7463
1 3103 9512
1 3105 3124
1 3105 4868
1 3116 7560
1 3118 4177
1 3125 6023
1 3130 6224
1 3133 9219
1 3139 3882
1 3139 6206
1 3141 7474
1 3150 7698
1 3154 4572
1 3161 3968
1 3162 8157
1 3164 6881
1 3166 3702
1 3167 7053
1 3176 4395
1 3181 5404
1 3182 9031
1 3186 6085
1 3186 8359
1 3187 7075
1 3188 9041
1 3189 5254
1 3189 7421
1 3192 7182
1 3192 9314
1 3193 6391
1 3200 4613
1 3203 5194
1 3206 6766
1 3206 9425
1 3207 5526
1 3207 8693
1 3208 5912
1 3214 6987
1 3218 5568
1 3221 6229
1 3226 6093
1 3231 5404
1 3232 8622
1 3234 8292
1 3236 3428
1 3236 6343
1 3238 6482
1 3242 6861
1 3243 3450
1 3243 4949
1 3245 9101
1 3246 6537
1 3248 5412
1 3249 8200
1 3250 8896
1 3260 4949
1 3262 7865
1 3269 3745
1 3269 6590
1 3272 4252
1 3280 7392
1 3280 9220
1 3283 5703
1 3283 6137
1 3288 9788
1 3291 7911
1 3292 4358
1 3292 4441
1 3293 3459
1 3296 3770
1 3298 7236
1 3304 6744
1 3306 4656
1 3307 8180
1 3310 7656
1 3310 9370
1 3314 3984
1 3316 7667
1 3316 8753
1 3320 3941
1 3320 4979
1 3321 9090
1 3323 4990
1 3326 4529
1 3334 4318
1 3338 4566
1 3338 6110
1 3346 9061
1 3351 6117
1 3358 4370
1 3358 7411
1 3360 6126
1 3361 5937
1 3365 3895
1 3365 4584
1 3366 8326
1 3372 4267
1 3373 5298
1 3381 4347
1 3382 7694
1 3383 4525
1 3384 7203
1 3387 5105
1 3387 5641
1 3390 8126
1 3391 7517
1 3393 4701
1 3395 8710
1 3397 6835
1 3399 4477
1 3403 4969
1 3404 4804
1 3404 8614
1 3409 4431
1 3418 7084
1 3428 7487
1 3430 8696
1 3434 8259
1 3437 3870
1 3438 5266
1 3438 8758
1 3439 5841
1 3446 9064
1 3447 6299
1 3447 9599
1 3454 6052
1 3455 9984
1 3456 8403
1 3456 8783
1 3463 5440
1 3463 8733
1 3464 9541
1 3467 5953
1 3468 7208
1 3468 8847
1 3468 9638
1 3472 8965
1 3479 3899
1 3484 5504
1 3486 7587
1 3487 6294
1 3493 8164
1 3499 7757
1 3503 5448
1 3504 4867
1 3509 5292
1 3510 9393
1 3518 7450
1 3521 9184
1 3522 6002
1 3527 6536
1 3531 6604
1 3532 7529
1 3545 6048
1 3547 8301
1 3549 5091
1 3551 6461
1 3553 4508
1 3556 4499
1 3557 6523
1 3559 8637
1 3560 7531
1 3564 7352
1 3568 7043
1 3569 3807
1 3570 9955
1 3573 8529
1 3574 7725
1 3576 8748
1 3581 4392
1 3582 4144
1 3591 9827
1 3595 4116
1 3596 7488
1 3601 7032
1 3607 8829
1 3611 8952
1 3614 9020
1 3619 5153
1 3620 5084
1 3622 6458
1 3626 5680
1 3627 4998
1 3635 6745
1 3639 6807
1 3640 6075
1 3640 9117
1 3644 4868
1 3644 8070
1 3652 8199
1 3653 9395
1 3658 4552
1 3658 4723
1 3660 4776
1 3665 9469
1 3667 6280
1 3671 6698
1 3674 5653
1 3674 8095
1 3681 7602
1 3682 7772
1 3683 6103
1 3683 9371
1 3685 6909
1 3685 8206
1 3686 9345
1 3687 7791
1 3689 7502
1 3690 8378
1 3691 9726
1 3697 6991
1 3700 8859
1 3705 7378
1 3714 5938
1 3714 8732
1 3714 9976
1 3718 6058
1 3719 3753
1 3719 5054
1 3721 7643
1 3729 8226
1 3732 6614
1 3739 7547
1 3746 5333
1 3756 6675
1 3756 8244
1 3759 6010
1 3761 6676
1 3763 4930
1 3774 3884
1 3774 7361
1 3778 5076
1 3780 6055
1 3790 4016
1 3795 8034
1 3800 4439
1 3800 8218
1 3801 5948
1 3803 8058
1 3805 9511
1 3806 6691
1 3813 9489
1 3816 6892
1 3816 7865
1 3820 5666
1 3821 7913
1 3832 8319
1 3859 7253
1 3863 9105
1 3865 7291
1 3865 9201
1 3867 6379
1 3868 8815
1 3870 4695
1 3874 5319
1 3883 8990
1 3884 7450
1 3885 7003
1 3895 7001
1 3897 5007
1 3899 3923
1 3899 5458
1 3900 7588
1 3902 6380
1 3904 6546
1 3905 6040
1 3910 4433
1 3910 8372
1 3915 9821
1 3918 7074
1 3921 7763
1 3922 8238
1 3923 6472
1 3928 9371
1 3928 9742
1 3931 9756
1 3933 4953
1 3940 6003
1 3949 4366
1 3950 4515
1 3951 4295
1 3958 4960
1 3968 6912
1 3969 5428
1 3978 8141
1 3983 8816
1 3985 4556
1 3985 8497
1 3986 8861
1 3988 5229
1 3994 8723
1 4006 5215
1 4008 8904
1 4009 4181
1 4009 9586
1 4010 5865
1 4014 4889
1 4021 9285
1 4024 9741
1 4032 4155
1 4034 5794
1 4036 8846
1 4045 4484
1 4047 5390
1 4053 7997
1 4054 5985
1 4065 8896
1 4072 8404
1 4076 8434
1 4083 5744
1 4088 7756
1 4089 7496
1 4092 5608
1 4101 7812
1 4111 9375
1 4118 8983
1 4120 6368
1 4127 6772
1 4132 7690
1 4142 4649
1 4143 9221
1 4145 4405
1 4145 9057
1 4148 7956
1 4149 9624
1 4150 6624
1 4152 5783
1 4152 7296
1 4152 8454
1 4154 7991
1 4160 9464
1 4164 9844
1 4175 9249
1 4177 7437
1 4179 4719
1 4189 8989
1 4190 8984
1 4195 7711
1 4201 8747
1 4204 4891
1 4204 9920
1 4226 6142
1 4228 6365
1 4232 7949
1 4239 7092
1 4242 4374
1 4246 5892
1 4246 7957
1 4249 4974
1 4251 5411
1 4256 7102
1 4260 7366
1 4261 4401
1 4261 8901
1 4261 9914
1 4263 5612
1 4268 7336
1 4271 4325
1 4279 4982
1 4279 5979
1 4289 8226
1 4290 9089
1 4292 9229
1 4293 8779
1 4294 8801
1 4298 6256
1 4299 9118
1 4309 5888
1 4310 7427
1 4310 9913
1 4313 9115
1 4314 6965
1 4314 9175
1 4315 4899
1 4316 6421
1 4317 8730
1 4319 7227
1 4321 7356
1 4323 5226
1 4324 4642
1 4331 7700
1 4332 7282
1 4333 7396
1 4335 7912
1 4336 6785
1 4338 7156
1 4339 4562
1 4341 6233
1 4355 6431
1 4362 5683
1 4365 9569
1 4368 8979
1 4373 7214
1 4378 4964
1 4379 9353
1 4380 8791
1 4383 7911
1 4388 5890
1 4393 6538
1 4404 6599
1 4405 8442
1 4406 6800
1 4407 4929
1 4414 6510
1 4415 6764
1 4417 4490
1 4424 4507
1 4426 5185
1 4427 7302
1 4429 5510
1 4438 4645
1 4438 7954
1 4441 6989
1 4441 9717
1 4448 6986
1 4452 8057
1 4453 9185
1 4456 8146
1 4457 6648
1 4459 7493
1 4461 4880
1 4464 8594
1 4465 7923
1 4466 5076
1 4468 8424
1 4481 8941
1 4484 5625
1 4489 7743
1 4495 5658
1 4495 9142
1 4496 8421
1 4498 8235
1 4500 9073
1 4504 7895
1 4510 6702
1 4514 5569
1 4515 4688
1 4520 5353
1 4527 9874
1 4530 8681
1 4531 7905
1 4532 9919
1 4535 5563
1 4539 4854
1 4540 4692
1 4541 9826
1 4544 6245
1 4549 9395
1 4553 9848
1 4554 7591
1 4554 7762
1 4556 5015
1 4561 9666
1 4562 7798
1 4565 4963
1 4569 5146
1 4571 5326
1 4573 7631
1 4574 6634
1 4575 9216
1 4576 9292
1 4591 5683
1 4591 8710
1 4592 6882
1 4595 6603
1 4603 7931
1 4611 8645
1 4616 7271
1 4619 9007
1 4622 7166
1 4622 9801
1 4626 9938
1 4633 6256
1 4636 7986
1 4637 7845
1 4649 6971
1 4651 5867
1 4657 6624
1 4657 9723
1 4660 6848
1 4660 7357
1 4662 9367
1 4668 5531
1 4670 4976
1 4671 6290
1 4675 5805
1 4675 9452
1 4676 6473
1 4676 9448
1 4686 8549
1 4693 7301
1 4695 9639
1 4705 6086
1 4706 7299
1 4707 8894
1 4719 7138
1 4720 7227
1 4721 5293
1 4721 7173
1 4725 7887
1 4725 9076
1 4729 6501
1 4731 7232
1 4748 6477
1 4750 6052
1 4751 8500
1 4752 8742
1 4754 9362
1 4763 5559
1 4766 6144
1 4774 7185
1 4775 6499
1 4779 7262
1 4780 9028
1 4783 6847
1 4785 8729
1 4787 6218
1 4802 5290
1 4802 5840
1 4803 6952
1 4804 9976
1 4806 5087
1 4813 7161
1 4814 7790
1 4821 8165
1 4821 9935
1 4825 9953
1 4829 4888
1 4834 7928
1 4840 6524
1 4840 7718
1 4845 5502
1 4847 5307
1 4848 7239
1 4848 7425
1 4860 7769
1 4862 9244
1 4871 9375
1 4872 8345
1 4876 7533
1 4877 7038
1 4889 9619
1 4892 7611
1 4896 6308
1 4902 9672
1 4904 6383
1 4907 9709
1 4918 8411
1 4933 7602
1 4939 6008
1 4940 9195
1 4944 6088
1 4947 7814
1 4951 5167
1 4953 7946
1 4953 7985
1 4956 7550
1 4957 5420
1 4957 5751
1 4960 6614
1 4966 5736
1 4967 5444
1 4971 8079
1 4972 8043
1 4975 5534
1 4977 8775
1 4978 9615
1 4982 7539
1 4985 9044
1 4986 7690
1 4996 9752
1 4997 7492
1 4997 7984
1 4999 8179
1 5029 7818
1 5031 7175
1 5040 9324
1 5042 8798
1 5043 8095
1 5050 8676
1 5054 8357
1 5060 7040
1 5075 8072
1 5085 9272
1 5095 6529
1 5097 9452
1 5098 6988
1 5105 5334
1 5114 6574
1 5117 8774
1 5121 6166
1 5127 6154
1 5128 5459
1 5129 6267
1 5133 9343
1 5151 7529
1 5152 9958
1 5155 5984
1 5159 6356
1 5159 6868
1 5164 8123
1 5165 9108
1 5169 7366
1 5177 7651
1 5179 5628
1 5189 9429
1 5192 5998
1 5192 7734
1 5194 5777
1 5198 7844
1 5199 8884
1 5200 7066
1 5209 8647
1 5216 8593
1 5217 6830
1 5218 6966
1 5221 9887
1 5223 8007
1 5226 7987
1 5227 9875
1 5228 7588
1 5236 8235
1 5236 8510
1 5237 5726
1 5240 7445
1 5248 9050
1 5257 8353
1 5263 6707
1 5264 6189
1 5275 6923
1 5276 9676
1 5294 8682
1 5296 5871
1 5303 5343
1 5305 7864
1 5307 6947
1 5312 6336
1 5316 6113
1 5327 6638
1 5340 9546
1 5341 8950
1 5348 9340
1 5350 6090
1 5350 6459
1 5356 6659
1 5357 8485
1 5359 7536
1 5359 9275
1 5365 9047
1 5384 8426
1 5389 5923
1 5389 8119
1 5403 8109
1 5404 5875
1 5404 6890
1 5412 9109
1 5417 9279
1 5418 5765
1 5418 9030
1 5419 9351
1 5424 7867
1 5428 8250
1 5432 7333
1 5438 6412
1 5446 6006
1 5461 6843
1 5474 7324
1 5474 9560
1 5497 8887
1 5498 9220
1 5509 8311
1 5517 6280
1 5517 6795
1 5517 7020
1 5518 7467
1 5526 8881
1 5529 6746
1 5531 9709
1 5538 6024
1 5540 7519
1 5543 9750
1 5545 6412
1 5545 8452
1 5546 6259
1 5561 6579
1 5565 8561
1 5570 9320
1 5572 6888
1 5572 9396
1 5573 5602
1 5577 9903
1 5579 9930
1 5584 7508
1 5591 7768
1 5592 7769
1 5597 6342
1 5597 9906
1 5598 6965
1 5601 6320
1 5610 8278
1 5622 7153
1 5628 9932
1 5638 9174
1 5644 8396
1 5647 7416
1 5648 6392
1 5653 9861
1 5656 5963
1 5659 8775
1 5660 6525
1 5692 5738
1 5698 7384
1 5704 7104
1 5705 5798
1 5716 7588
1 5722 9924
1 5726 8483
1 5728 6218
1 5728 8556
1 5728 9136
1 5730 7628
1 5730 8360
1 5737 7429
1 5738 8921
1 5745 7363
1 5750 7981
1 5751 7352
1 5753 7003
1 5755 6824
1 5756 7130
1 5757 6344
1 5765 7633
1 5765 9620
1 5766 8455
1 5770 6649
1 5777 8312
1 5778 7445
1 5780 6932
1 5781 8615
1 5788 9179
1 5791 7531
1 5793 9389
1 5799 6854
1 5801 5910
1 5804 7699
1 5809 7985
1 5823 8419
1 5825 7580
1 5836 8165
1 5840 7270
1 5846 5887
1 5847 7720
1 5849 8852
1 5850 8051
1 5863 7251
1 5864 6108
1 5872 7817
1 5873 7423
1 5878 8353
1 5881 8091
1 5884 7420
1 5887 5927
1 5895 7804
1 5900 8224
1 5902 7908
1 5917 6510
1 5918 9432
1 5921 7905
1 5926 6094
1 5927 8878
1 5928 8237
1 5934 6061
1 5934 8984
1 5943 8864
1 5953 9097
1 5954 6364
1 5956 8380
1 5958 6764
1 5959 9987
1 5962 6422
1 5974 6429
1 5978 6907
1 5978 7107
1 5983 6449
1 5984 7169
1 5987 6444
1 5987 9820
1 5988 8786
1 5998 8203
1 6003 7257
1 6008 7853
1 6019 6345
1 6021 7976
1 6025 7793
1 6031 9740
1 6034 8786
1 6043 9043
1 6054 9938
1 6055 7232
1 6059 8356
1 6068 6490
1 6072 6683
1 6088 6656
1 6088 7042
1 6088 9012
1 6094 8793
1 6096 6418
1 6101 7390
1 6113 6566
1 6113 7673
1 6117 8882
1 6132 9529
1 6133 7927
1 6133 8264
1 6147 9006
1 6149 7583
1 6154 6905
1 6159 7598
1 6161 9683
1 6166 7792
1 6166 9013
1 6167 9169
1 6168 7220
1 6179 7747
1 6181 9027
1 6199 9759
1 6203 8571
1 6204 9154
1 6205 7894
1 6209 9289
1 6211 9016
1 6216 9379
1 6217 8042
1 6226 7570
1 6229 7467
1 6232 8510
1 6235 6258
1 6237 7207
1 6239 8743
1 6242 7609
1 6259 8622
1 6261 6336
1 6264 7217
1 6264 9427
1 6267 7493
1 6267 9937
1 6269 7465
1 6271 6712
1 6272 8416
1 6277 8706
1 6283 8475
1 6286 6860
1 6286 9539
1 6291 6405
1 6293 8942
1 6299 9604
1 6304 9899
1 6312 7744
1 6314 6794
1 6317 7540
1 6320 9178
1 6328 6784
1 6331 8215
1 6332 9199
1 6335 6807
1 6347 8373
1 6351 8938
1 6353 6712
1 6359 8977
1 6364 7089
1 6371 9068
1 6372 6914
1 6394 8613
1 6396 7228
1 6397 9475
1 6399 8815
1 6406 9339
1 6409 6855
1 6425 9918
1 6427 9469
1 6432 9519
1 6454 6505
1 6454 7107
1 6458 8896
1 6492 7488
1 6500 8708
1 6501 7794
1 6505 6904
1 6514 6602
1 6517 7128
1 6521 7142
1 6526 7338
1 6526 9737
1 6528 7400
1 6543 6702
1 6552 9187
1 6566 8716
1 6573 9491
1 6575 8808
1 6577 9753
1 6583 8028
1 6591 9960
1 6598 6964
1 6604 7298
1 6607 9726
1 6615 7127
1 6617 9468
1 6618 7042
1 6622 8780
1 6628 8638
1 6629 9053
1 6633 9359
1 6634 9314
1 6639 9818
1 6645 7438
1 6648 9031
1 6650 9202
1 6654 6747
1 6654 7778
1 6655 9091
1 6661 9871
1 6682 9839
1 6683 8264
1 6686 8174
1 6686 9151
1 6694 9766
1 6699 9281
1 6707 7327
1 6709 7315
1 6709 7771
1 6710 7537
1 6724 7380
1 6729 7673
1 6732 9099
1 6744 7611
1 6751 8176
1 6758 9769
1 6761 8349
1 6761 9518
1 6770 8376
1 6773 9214
1 6776 7030
1 6779 7284
1 6789 9663
1 6791 7896
1 6794 9207
1 6802 9709
1 6805 7445
1 6805 9159
1 6807 7441
1 6809 8565
1 6819 8694
1 6819 9712
1 6824 8866
1 6833 7470
1 6838 7704
1 6848 9449
1 6851 8772
1 6855 7035
1 6855 9548
1 6857 9353
1 6867 8208
1 6871 7311
1 6879 6957
1 6891 8218
1 6902 9532
1 6928 9118
1 6929 9184
1 6931 7283
1 6940 7450
1 6963 7641
1 6966 7441
1 6977 7318
1 6977 7319
1 6981 7281
1 6990 8275
1 7005 9066
1 7017 8769
1 7020 7444
1 7023 8738
1 7023 9718
1 7030 9241
1 7037 9033
1 7046 8124
1 7061 7227
1 7063 9908
1 7065 7090
1 7077 9260
1 7087 8958
1 7088 8512
1 7090 9195
1 7093 9649
1 7096 9538
1 7111 8666
1 7118 7503
1 7133 7946
1 7135 8318
1 7139 8041
1 7139 8223
1 7140 8431
1 7145 9352
1 7146 8642
1 7168 7289
1 7182 9834
1 7186 9728
1 7187 9398
1 7199 7271
1 7200 7730
1 7217 9175
1 7230 8740
1 7247 8369
1 7256 8412
1 7257 9565
1 7259 9201
1 7266 9271
1 7280 8887
1 7285 7538
1 7285 7725
1 7289 7838
1 7302 9242
1 7319 8884
1 7321 8404
1 7327 9425
1 7356 7693
1 7363 9484
1 7365 8332
1 7376 7868
1 7377 9275
1 7384 7559
1 7401 9963
1 7421 9992
1 7425 9297
1 7430 8499
1 7437 8928
1 7442 8575
1 7451 8138
1 7467 8690
1 7473 9624
1 7490 9789
1 7509 8692
1 7514 8422
1 7519 9251
1 7525 8765
1 7537 7874
1 7539 8071
1 7539 8298
1 7543 9046
1 7558 7795
1 7558 8467
1 7563 9051
1 7565 7908
1 7600 9664
1 7605 9163
1 7610 8685
1 7621 9881
1 7625 9283
1 7635 8209
1 7648 7815
1 7658 9112
1 7662 9348
1 7682 9670
1 7693 9150
1 7704 9295
1 7730 8244
1 7735 8083
1 7736 9587
1 7737 9976
1 7740 8508
1 7748 7939
1 7755 8109
1 7760 7934
1 7763 9127
1 7766 9323
1 7771 8932
1 7778 9677
1 7792 9035
1 7815 8456
1 7828 8903
1 7830 9355
1 7834 8670
1 7840 9571
1 7862 8649
1 7869 9038
1 7872 7924
1 7879 9359
1 7882 9280
1 7882 9822
1 7887 9168
1 7911 9752
1 7924 9406
1 7928 9291
1 7937 9919
1 7942 9884
1 7943 9497
1 7945 9977
1 7955 8088
1 7960 9721
1 7965 9076
1 7989 8621
1 7991 9053
1 7998 9240
1 8027 8741
1 8027 9403
1 8030 8748
1 8034 9365
1 8046 8864
1 8047 9998
1 8060 9809
1 8068 9015
1 8074 8677
1 8081 8104
1 8087 8640
1 8090 8308
1 8096 9045
1 8101 8438
1 8131 8536
1 8131 9490
1 8141 8937
1 8151 9785
1 8162 9527
1 8172 9733
1 8183 9460
1 8193 8729
1 8222 8567
1 8222 9933
1 8230 8560
1 8230 9797
1 8247 8716
1 8248 8738
1 8254 9824
1 8257 8699
1 8258 9084
1 8263 9332
1 8283 9916
1 8307 8362
1 8314 9086
1 8319 9902
1 8355 9487
1 8358 9282
1 8363 9318
1 8366 8675
1 8414 9940
1 8417 9829
1 8422 8641
1 8423 8816
1 8455 9956
1 8489 9921
1 8499 9797
1 8503 9619
1 8541 9107
1 8566 9056
1 8567 9882
1 8582 8872
1 8605 9089
1 8635 9963
1 8664 9637
1 8680 9043
1 8681 8895
1 8681 9571
1 8684 9386
1 8686 9381
1 8707 8856
1 8708 9359
1 8712 9794
1 8776 8969
1 8787 9987
1 8811 9366
1 8813 9306
1 8860 9528
1 8909 9770
1 8928 9729
1 8942 9650
1 8943 9756
1 8970 9242
1 8972 9763
1 8986 9177
1 9004 9828
1 9018 9378
1 9078 9717
1 9081 9610
1 9093 9306
1 9102 9365
1 9113 9967
1 9135 9440
1 9159 9190
1 9254 9403
1 9274 9605
1 9280 9542
1 9282 9609
1 9294 9766
1 9409 9809
1 9433 9876
1 9495 9617
1 9529 9551
1 9541 9934
1 9548 9765
1 9583 9615
2 5 1514
2 10 7190
2 10 8771
2 11 253
2 11 5077
2 13 1690
2 14 807
2 14 8266
2 15 1976
2 15 8562
2 15 9884
2 21 821
2 21 2961
2 24 818
2 25 428
2 35 5050
2 36 2853
2 38 9818
2 40 4310
2 41 1954
2 42 8611
2 45 8032
2 48 9896
2 49 9937
2 51 8171
2 52 4984
2 52 8727
2 54 618
2 54 5765
2 55 4561
2 56 9633
2 58 3801
2 58 5501
2 60 9910
2 61 7680
2 61 8492
2 65 7174
2 71 1601
2 72 386
2 76 1838
2 77 9280
2 80 7514
2 83 7862
2 84 6922
2 85 125
2 85 8533
2 89 3757
2 92 8169
2 98 8051
2 99 8412
2 100 8644
2 101 2247
2 102 9028
2 103 2082
2 105 8136
2 106 7937
2 106 8802
2 110 9114
2 114 4408
2 117 3509
2 117 4429
2 119 5296
2 120 3735
2 121 3389
2 127 6447
2 128 8913
2 131 5910
2 136 5847
2 137 3649
2 141 805
2 150 2143
2 151 4287
2 152 6549
2 154 3734
2 159 543
2 159 4485
2 164 9321
2 165 585
2 165 3839
2 168 1601
2 171 5215
2 172 4166
2 172 5115
2 175 6249
2 177 8384
2 179 2155
2 179 6644
2 184 2937
2 184 4946
2 185 5891
2 188 6860
2 191 314
2 191 4712
2 192 769
2 195 6695
2 196 3747
2 197 2072
2 197 3746
2 199 2811
2 199 7454
2 202 4962
2 203 5243
2 204 5189
2 204 8975
2 208 6188
2 208 6760
2 210 6979
2 215 7500
2 216 678
2 216 7858
2 216 9384
2 216 9956
2 217 1400
2 217 7114
2 217 9715
2 222 1365
2 232 4600
2 235 6422
2 243 717
2 245 601
2 258 8278
2 266 5937
2 267 396
2 267 4012
2 267 5593
2 268 7438
2 270 9725
2 271 8122
2 274 1523
2 274 3147
2 275 9288
2 277 5259
2 280 5899
2 283 6474
2 288 1422
2 290 4114
2 291 7400
2 294 7646
2 295 3097
2 296 4886
2 296 8047
2 297 5563
2 297 9188
2 299 4837
2 301 6912
2 305 2290
2 305 2703
2 306 1245
2 310 3414
2 310 9369
2 312 6585
2 313 5739
2 314 9715
2 315 3570
2 315 5206
2 315 5465
2 317 7546
2 318 8474
2 319 9017
2 322 703
2 322 1925
2 323 4515
2 324 1703
2 324 5215
2 325 6416
2 326 7769
2 328 8149
2 331 7548
2 334 2653
2 336 6508
2 337 7628
2 344 9061
2 345 3492
2 345 9866
2 347 4282
2 349 3507
2 351 3642
2 352 9409
2 353 4200
2 354 2088
2 355 4144
2 356 5377
2 359 1129
2 360 5650
2 362 1876
2 367 1917
2 370 3623
2 370 5833
2 372 4281
2 378 6594
2 385 2623
2 385 4251
2 385 5553
2 386 2792
2 386 5086
2 387 8235
2 388 3252
2 389 1593
2 391 2123
2 392 779
2 392 3642
2 392 4697
2 393 6496
2 395 1581
2 396 3887
2 396 5654
2 396 6946
2 396 7977
2 397 455
2 398 1162
2 399 4002
2 401 6925
2 404 8817
2 404 9617
2 410 4537
2 412 6431
2 416 4165
2 417 1544
2 417 3448
2 419 3978
2 421 5509
2 423 4255
2 423 5051
2 424 6274
2 428 2250
2 428 9883
2 431 1335
2 433 738
2 438 6686
2 445 3330
2 446 2138
2 446 9142
2 448 4848
2 448 5766
2 448 6744
2 451 4634
2 461 1819
2 468 2660
2 469 8337
2 471 926
2 471 1749
2 473 5420
2 474 4341
2 474 4604
2 475 5795
2 478 6228
2 479 8032
2 481 6423
2 482 799
2 482 2985
2 485 8728
2 486 2054
2 486 4473
2 489 4192
2 490 1165
2 491 6878
2 491 8029
2 494 4881
2 496 3464
2 497 9002
2 498 7019
2 499 6516
2 499 8750
2 502 724
2 507 5933
2 507 9977
2 509 4506
2 511 3333
2 511 7796
2 511 9041
2 516 8985
2 519 6137
2 522 9182
2 522 9536
2 526 7400
2 528 7197
2 529 3858
2 535 954
2 538 5822
2 540 9432
2 540 9908
2 542 8410
2 545 4521
2 545 4874
2 549 2330
2 552 1797
2 553 2537
2 556 6056
2 558 2037
2 560 601
2 560 3374
2 562 7996
2 567 4874
2 568 9254
2 569 2039
2 577 3567
2 577 9637
2 578 8492
2 580 4456
2 581 3532
2 583 3744
2 583 8152
2 584 1176
2 585 9545
2 588 5335
2 593 7199
2 596 6868
2 599 3977
2 601 1502
2 603 6216
2 606 3510
2 608 2296
2 612 7529
2 614 2768
2 614 9384
2 616 1253
2 617 6605
2 618 6174
2 620 8482
2 621 1150
2 623 6689
2 630 5605
2 631 1254
2 631 5650
2 631 8673
2 631 9099
2 632 6232
2 635 9314
2 637 6691
2 645 1307
2 648 9069
2 650 5112
2 652 5074
2 653 8446
2 660 5255
2 666 4430
2 668 5434
2 670 7823
2 677 6181
2 681 1177
2 682 9971
2 683 7621
2 683 9897
2 686 6560
2 687 7495
2 689 6598
2 691 4902
2 691 9992
2 692 7076
2 697 9931
2 698 4627
2 699 2936
2 700 2080
2 701 4719
2 705 3055
2 705 4812
2 705 5282
2 707 2974
2 707 3166
2 709 6662
2 713 5671
2 718 4575
2 719 7672
2 724 4373
2 731 2139
2 733 4158
2 733 6355
2 734 5146
2 735 2573
2 736 2586
2 736 2643
2 736 9426
2 738 7575
2 740 6956
2 743 9158
2 748 1884
2 756 5691
2 756 7659
2 757 6179
2 761 5092
2 765 3473
2 767 2080
2 773 1283
2 774 4740
2 780 2679
2 780 3322
2 780 8303
2 781 7883
2 781 9078
2 782 3042
2 784 5937
2 785 4133
2 785 9300
2 787 4952
2 790 2221
2 791 4723
2 791 5231
2 792 5264
2 793 6351
2 797 2764
2 797 8275
2 804 1594
2 808 1367
2 809 5099
2 814 8504
2 815 5741
2 815 5938
2 818 5226
2 823 5240
2 823 9915
2 824 4783
2 826 6969
2 830 1567
2 830 2704
2 832 5295
2 833 2790
2 833 8032
2 833 9317
2 834 4541
2 836 8383
2 838 9194
2 841 5999
2 841 6838
2 844 5865
2 845 2090
2 846 2731
2 848 4579
2 849 9572
2 850 7471
2 854 6889
2 855 6316
2 860 2634
2 862 7235
2 864 5346
2 865 3264
2 868 3363
2 875 4291
2 875 9531
2 876 1248
2 880 9279
2 881 2630
2 883 6154
2 883 9238
2 888 4068
2 888 6810
2 891 8313
2 893 9954
2 894 9181
2 900 6506
2 905 4934
2 905 8213
2 907 3259
2 909 3444
2 910 1884
2 910 4080
2 912 4910
2 913 2154
2 916 8667
2 920 6114
2 920 8820
2 924 3765
2 924 9124
2 929 7624
2 936 1230
2 936 5904
2 937 3823
2 937 4138
2 938 2995
2 938 3292
2 938 4140
2 939 7652
2 940 2964
2 940 3021
2 941 3763
2 948 2168
2 948 4796
2 952 5171
2 953 9185
2 954 2993
2 956 2571
2 956 2709
2 956 9543
2 957 3527
2 957 3727
2 959 4871
2 962 4075
2 967 2039
2 967 2517
2 968 7530
2 970 5024
2 970 9120
2 971 8813
2 972 8154
2 973 5364
2 973 8134
2 974 9666
2 976 7188
2 980 4491
2 981 9544
2 983 9733
2 984 1873
2 985 2781
2 986 6357
2 986 9626
2 991 3854
2 992 2250
2 997 7852
2 1000 8514
2 1001 9193
2 1002 4918
2 1003 1060
2 1003 1777
2 1005 7928
2 1006 1971
2 1015 4936
2 1018 9396
2 1026 8513
2 1028 1215
2 1031 5374
2 1032 6871
2 1035 3578
2 1036 9914
2 1041 4155
2 1045 1984
2 1045 8372
2 1047 7719
2 1049 2035
2 1049 8589
2 1050 2049
2 1058 6598
2 1060 3971
2 1060 6821
2 1061 4871
2 1063 8332
2 1064 6508
2 1066 1372
2 1066 6564
2 1070 1204
2 1070 3419
2 1070 8321
2 1071 2261
2 1075 5640
2 1079 4555
2 1079 7664
2 1082 4716
2 1083 2586
2 1084 2825
2 1084 5673
2 1089 2446
2 1095 2033
2 1096 5142
2 1096 5996
2 1100 9333
2 1101 8626
2 1103 8043
2 1104 5386
2 1104 9049
2 1105 6833
2 1108 7659
2 1110 7148
2 1115 5416
2 1119 5296
2 1123 6829
2 1124 6893
2 1125 8865
2 1130 1816
2 1130 7844
2 1132 6488
2 1136 4029
2 1138 7313
2 1139 5662
2 1141 3174
2 1144 3196
2 1144 6013
2 1145 6425
2 1147 1317
2 1147 3508
2 1150 7432
2 1150 8365
2 1157 9322
2 1159 6902
2 1160 6490
2 1161 5946
2 1165 9169
2 1166 3313
2 1167 6792
2 1167 8100
2 1173 3726
2 1176 6267
2 1176 8113
2 1178 1419
2 1181 9110
2 1189 8450
2 1193 8866
2 1196 8961
2 1200 1811
2 1203 9840
2 1205 7070
2 1207 2046
2 1207 7442
2 1213 5952
2 1214 1464
2 1222 1598
2 1223 3358
2 1224 1609
2 1225 4328
2 1227 3457
2 1231 4222
2 1234 4431
2 1238 9232
2 1243 3637
2 1247 9067
2 1254 6211
2 1258 5778
2 1259 8489
2 1263 4229
2 1267 3495
2 1267 5609
2 1271 6077
2 1280 3459
2 1282 4402
2 1283 5825
2 1283 8988
2 1286 8471
2 1287 8962
2 1288 6445
2 1292 7709
2 1294 2019
2 1294 5161
2 1295 5100
2 1296 2231
2 1299 9035
2 1302 2479
2 1304 8138
2 1304 9005
2 1310 8167
2 1312 6560
2 1312 8694
2 1313 4178
2 1315 9409
2 1318 6865
2 1319 7388
2 1320 7579
2 1321 5985
2 1324 4220
2 1325 7463
2 1328 7834
2 1329 2471
2 1329 9201
2 1330 7374
2 1333 7868
2 1338 9621
2 1342 5377
2 1344 1969
2 1344 2633
2 1345 7781
2 1347 4198
2 1349 2174
2 1350 5973
2 1354 7543
2 1357 9112
2 1359 4630
2 1359 6379
2 1360 5722
2 1360 7647
2 1360 8855
2 1362 9925
2 1363 5331
2 1363 6017
2 1363 6742
2 1364 4291
2 1366 2001
2 1367 1674
2 1367 9548
2 1369 9881
2 1370 8508
2 1376 5610
2 1377 7960
2 1378 2581
2 1379 2447
2 1380 1637
2 1380 2385
2 1382 3436
2 1382 7299
2 1383 7086
2 1393 4393
2 1395 8636
2 1397 3407
2 1404 7932
2 1406 1898
2 1407 3220
2 1409 7150
2 1409 9108
2 1415 7433
2 1419 4783
2 1427 6269
2 1427 9862
2 1433 5336
2 1434 6816
2 1434 8544
2 1435 4410
2 1439 4593
2 1439 5098
2 1441 3319
2 1444 9545
2 1451 3811
2 1452 3478
2 1452 3835
2 1453 1778
2 1453 2255
2 1453 9270
2 1454 3367
2 1456 3459
2 1458 5446
2 1461 5518
2 1461 6611
2 1464 8997
2 1466 4692
2 1466 8975
2 1467 2880
2 1469 9133
2 1471 6547
2 1473 2875
2 1473 7846
2 1474 4307
2 1474 5249
2 1477 1649
2 1478 8311
2 1484 2235
2 1484 9344
2 1493 9394
2 1496 9649
2 1499 1657
2 1499 1866
2 1499 3516
2 1500 3499
2 1500 6533
2 1500 7931
2 1501 7883
2 1502 2929
2 1502 9491
2 1503 2474
2 1503 8419
2 1506 5396
2 1507 4736
2 1508 8440
2 1510 7850
2 1513 6208
2 1513 9946
2 1514 9688
2 1515 8599
2 1520 6200
2 1529 3246
2 1531 8896
2 1535 2255
2 1536 8411
2 1543 5997
2 1543 7888
2 1546 8901
2 1547 2928
2 1555 3219
2 1556 8386
2 1562 9743
2 1565 7669
2 1565 8007
2 1566 9465
2 1569 5383
2 1569 6178
2 1572 6206
2 1574 8696
2 1574 9787
2 1578 5213
2 1582 2210
2 1587 3585
2 1590 3295
2 1590 8757
2 1594 9180
2 1598 6745
2 1599 4070
2 1602 7425
2 1603 2233
2 1607 4163
2 1607 8536
2 1611 5549
2 1613 2849
2 1613 9682
2 1614 8397
2 1615 6400
2 1615 9733
2 1618 2245
2 1619 4692
2 1623 1734
2 1624 4305
2 1626 1913
2 1632 8139
2 1639 8245
2 1641 5156
2 1642 8062
2 1645 6789
2 1646 5849
2 1648 1988
2 1648 8218
2 1649 5303
2 1651 7314
2 1652 4885
2 1654 2768
2 1657 4477
2 1659 6425
2 1664 7216
2 1669 8815
2 1671 9129
2 1674 9737
2 1676 6680
2 1677 4793
2 1677 9709
2 1681 7280
2 1682 2684
2 1685 6900
2 1688 3886
2 1689 3205
2 1700 4553
2 1704 5429
2 1705 4161
2 1709 2726
2 1710 6069
2 1711 6400
2 1716 7934
2 1717 9005
2 1720 7822
2 1724 4876
2 1724 7991
2 1724 8042
2 1725 7717
2 1733 5499
2 1739 7622
2 1740 9629
2 1741 2310
2 1749 4573
2 1749 5346
2 1750 2722
2 1753 5415
2 1754 5543
2 1754 6584
2 1754 7292
2 1763 3640
2 1763 9553
2 1765 7182
2 1765 9629
2 1770 8305
2 1771 2837
2 1771 3875
2 1774 2778
2 1775 9723
2 1775 9868
2 1777 1958
2 1782 3519
2 1782 8786
2 1783 2698
2 1785 6766
2 1789 4763
2 1789 9060
2 1795 2616
2 1796 7644
2 1802 8830
2 1809 1972
2 1811 2173
2 1812 2192
2 1815 4556
2 1815 6359
2 1817 9606
2 1820 7412
2 1825 4851
2 1825 4853
2 1826 6279
2 1831 4005
2 1834 3542
2 1836 9053
2 1839 4584
2 1840 5520
2 1844 9734
2 1847 2388
2 1847 4371
2 1850 7041
2 1853 7200
2 1854 2327
2 1854 8733
2 1856 5795
2 1856 6197
2 1857 5054
2 1859 7440
2 1864 8359
2 1867 3505
2 1868 9343
2 1870 8993
2 1872 2202
2 1872 8707
2 1875 2807
2 1876 4348
2 1878 2911
2 1879 3255
2 1879 7318
2 1883 4630
2 1885 2958
2 1886 9622
2 1887 4682
2 1890 6857
2 1893 3513
2 1894 5691
2 1896 7411
2 1899 8993
2 1901 4566
2 1904 9751
2 1905 4160
2 1905 6856
2 1914 4973
2 1916 3588
2 1918 5772
2 1921 9156
2 1926 7008
2 1928 3712
2 1930 9898
2 1932 6849
2 1932 7356
2 1933 3050
2 1933 3199
2 1940 9435
2 1946 4989
2 1949 4470
2 1952 2130
2 1952 8897
2 1957 4691
2 1964 2305
2 1965 8660
2 1967 7954
2 1971 2925
2 1971 9623
2 1972 9657
2 1974 2069
2 1976 2746
2 1978 8756
2 1981 3081
2 1988 4181
2 1990 6071
2 1991 8660
2 1992 8211
2 1993 7174
2 1993 8685
2 1996 9815
2 2001 7759
2 2002 4560
2 2002 9573
2 2010 8717
2 2012 4535
2 2016 2035
2 2021 5025
2 2026 9475
2 2027 9939
2 2028 9224
2 2031 4406
2 2031 6716
2 2031 8522
2 2033 3644
2 2033 6761
2 2035 8688
2 2040 6105
2 2040 7086
2 2048 3356
2 2048 8741
2 2050 2937
2 2053 5610
2 2057 5178
2 2059 6545
2 2071 8724
2 2074 6871
2 2076 4678
2 2076 7299
2 2077 8129
2 2079 7826
2 2080 3112
2 2080 5976
2 2084 7650
2 2084 9039
2 2086 8688
2 2088 8610
2 2092 7465
2 2101 2277
2 2104 3041
2 2105 6708
2 2107 5802
2 2113 8951
2 2117 3201
2 2119 4382
2 2120 6019
2 2123 5574
2 2123 8453
2 2124 6448
2 2127 8601
2 2133 3827
2 2138 2446
2 2138 2659
2 2138 5732
2 2138 6743
2 2139 9929
2 2143 9485
2 2147 4491
2 2150 6531
2 2155 8954
2 2155 9954
2 2156 9055
2 2157 3130
2 2157 3356
2 2158 7388
2 2159 4621
2 2160 6562
2 2161 5412
2 2166 8842
2 2168 5164
2 2170 7441
2 2171 2371
2 2172 4865
2 2175 4075
2 2177 6277
2 2178 8463
2 2180 6097
2 2181 4220
2 2181 4844
2 2188 3811
2 2188 5819
2 2194 7216
2 2200 4302
2 2203 3332
2 2207 3256
2 2209 8909
2 2211 9995
2 2214 5573
2 2214 9525
2 2217 7846
2 2218 9056
2 2219 7725
2 2220 3952
2 2220 4039
2 2229 6149
2 2229 8868
2 2230 7571
2 2230 9511
2 2234 5698
2 2235 5164
2 2236 3089
2 2241 7167
2 2243 2920
2 2243 4947
2 2247 9619
2 2250 7827
2 2252 6229
2 2252 7724
2 2253 4950
2 2254 8932
2 2257 6181
2 2258 9022
2 2261 4204
2 2264 3065
2 2264 3566
2 2266 6181
2 2270 3741
2 2271 8497
2 2271 9334
2 2275 9696
2 2276 8634
2 2276 8821
2 2277 3649
2 2277 5961
2 2277 6978
2 2282 6638
2 2286 8707
2 2288 9303
2 2288 9820
2 2289 9808
2 2302 8876
2 2304 5378
2 2308 2700
2 2312 3617
2 2312 5851
2 2319 2559
2 2320 3740
2 2320 7289
2 2320 8340
2 2325 6386
2 2327 2497
2 2328 3150
2 2329 3816
2 2330 6236
2 2331 8703
2 2332 4656
2 2334 4502
2 2336 9671
2 2338 9765
2 2341 4508
2 2342 2794
2 2344 8117
2 2346 5994
2 2348 5118
2 2350 9932
2 2353 7214
2 2353 8043
2 2354 6162
2 2357 6324
2 2358 7853
2 2361 3138
2 2362 2997
2 2362 3751
2 2362 9075
2 2369 4188
2 2370 6688
2 2372 2885
2 2379 2957
2 2380 7331
2 2382 7736
2 2384 3179
2 2386 4633
2 2387 7604
2 2388 7517
2 2391 2991
2 2403 8130
2 2408 6798
2 2417 6260
2 2419 6062
2 2427 3960
2 2429 7102
2 2435 2978
2 2435 5762
2 2438 7289
2 2439 6946
2 2443 7689
2 2446 8934
2 2450 5820
2 2451 3095
2 2451 6329
2 2451 8027
2 2453 6936
2 2458 3821
2 2458 7159
2 2459 6691
2 2460 3235
2 2462 7591
2 2467 5264
2 2468 5120
2 2469 3749
2 2473 9658
2 2474 6708
2 2474 9385
2 2475 3265
2 2479 9490
2 2480 4690
2 2483 3603
2 2488 4535
2 2488 6025
2 2495 5314
2 2496 9536
2 2507 6671
2 2509 4054
2 2513 7702
2 2515 9283
2 2517 3177
2 2517 4329
2 2520 2670
2 2525 8153
2 2526 4710
2 2542 7154
2 2542 8089
2 2547 4314
2 2547 4763
2 2548 7748
2 2550 3895
2 2552 4682
2 2555 7975
2 2556 9519
2 2557 9095
2 2557 9847
2 2565 7064
2 2569 6178
2 2569 6329
2 2570 3688
2 2570 6839
2 2571 4834
2 2573 3780
2 2575 7752
2 2580 6318
2 2582 7244
2 2582 8097
2 2583 4909
2 2592 5163
2 2594 2596
2 2601 3023
2 2602 6246
2 2609 7850
2 2612 6123
2 2613 5709
2 2623 2670
2 2625 9717
2 2630 9909
2 2632 6058
2 2639 4123
2 2641 5391
2 2644 4137
2 2647 7657
2 2649 7762
2 2652 7206
2 2656 7063
2 2663 5354
2 2664 9926
2 2667 8830
2 2668 6034
2 2674 3624
2 2675 9063
2 2681 9329
2 2685 6711
2 2687 7965
2 2689 2691
2 2689 5791
2 2691 6378
2 2691 9741
2 2700 7496
2 2702 4726
2 2703 6744
2 2705 4493
2 2713 7553
2 2714 4004
2 2716 7753
2 2717 5446
2 2718 8331
2 2719 8299
2 2724 3879
2 2724 4001
2 2727 4505
2 2733 6875
2 2733 9368
2 2734 5777
2 2736 7317
2 2738 3755
2 2738 8752
2 2739 2878
2 2740 7256
2 2741 3888
2 2745 5334
2 2748 5626
2 2750 4643
2 2751 6665
2 2753 6470
2 2760 6087
2 2773 7278
2 2773 7946
2 2774 2837
2 2774 6764
2 2781 9871
2 2791 8572
2 2793 6878
2 2796 6866
2 2798 3808
2 2808 8613
2 2808 8869
2 2811 5734
2 2813 9480
2 2815 8923
2 2818 8843
2 2824 6171
2 2830 8928
2 2831 9661
2 2832 4291
2 2833 3288
2 2834 4934
2 2840 8619
2 2842 6511
2 2846 9926
2 2850 7581
2 2850 8880
2 2857 5095
2 2858 4707
2 2862 7357
2 2865 2980
2 2869 4985
2 2872 6588
2 2876 6608
2 2877 9287
2 2878 8100
2 2882 5872
2 2882 7738
2 2887 2991
2 2889 5159
2 2890 5228
2 2890 9107
2 2894 7744
2 2894 9740
2 2896 4270
2 2896 4940
2 2897 5449
2 2897 6202
2 2913 6135
2 2914 5339
2 2925 8078
2 2926 6804
2 2927 4417
2 2927 7586
2 2936 6336
2 2936 7789
2 2941 4631
2 2945 3321
2 2945 3621
2 2946 9059
2 2949 3384
2 2957 3508
2 2962 7848
2 2964 5692
2 2965 3293
2 2967 7566
2 2969 8795
2 2971 3758
2 2975 8723
2 2982 3629
2 2984 3711
2 2987 4895
2 2991 6691
2 2992 4771
2 2992 7120
2 2992 9752
2 2995 9080
2 3000 6328
2 3004 3636
2 3007 7047
2 3008 5877
2 3011 5486
2 3014 7517
2 3017 5492
2 3018 7305
2 3021 3578
2 3021 7222
2 3023 8774
2 3025 4609
2 3033 4811
2 3042 4669
2 3042 7022
2 3045 6490
2 3048 4945
2 3050 7977
2 3054 8307
2 3055 9914
2 3056 4682
2 3058 4488
2 3079 6515
2 3080 6389
2 3084 5114
2 3085 8556
2 3090 6799
2 3092 8380
2 3093 6032
2 3101 9262
2 3102 3239
2 3106 3677
2 3106 8011
2 3115 9058
2 3117 4293
2 3129 8725
2 3131 7515
2 3132 6870
2 3133 8231
2 3134 9384
2 3137 5596
2 3148 9938
2 3150 6820
2 3153 5096
2 3156 6384
2 3156 7521
2 3156 9521
2 3157 4736
2 3157 6779
2 3164 6200
2 3166 8193
2 3166 9970
2 3171 8755
2 3172 7476
2 3173 7641
2 3173 8228
2 3173 8284
2 3174 9302
2 3175 8616
2 3182 7356
2 3183 9200
2 3186 6887
2 3189 8404
2 3191 8165
2 3193 4236
2 3196 7477
2 3200 4845
2 3203 7180
2 3206 4369
2 3206 5226
2 3206 5947
2 3206 8121
2 3211 8848
2 3215 7360
2 3215 8982
2 3218 9141
2 3220 7489
2 3227 3692
2 3234 7264
2 3243 9379
2 3244 7124
2 3246 6965
2 3248 8300
2 3253 5479
2 3260 9268
2 3261 6621
2 3263 6691
2 3266 4835
2 3267 6282
2 3269 5119
2 3274 9862
2 3283 6351
2 3286 7662
2 3299 5865
2 3299 8087
2 3302 4592
2 3304 4137
2 3306 7053
2 3314 6793
2 3314 6951
2 3316 8952
2 3319 9721
2 3324 5559
2 3337 9771
2 3341 8395
2 3346 4657
2 3351 7827
2 3357 8909
2 3362 9513
2 3365 5443
2 3365 7195
2 3365 9249
2 3367 9157
2 3368 4340
2 3374 9463
2 3378 7582
2 3378 9363
2 3389 6711
2 3393 9361
2 3394 8570
2 3395 9692
2 3405 9027
2 3412 6288
2 3413 5256
2 3417 3509
2 3417 9454
2 3420 5497
2 3422 9581
2 3434 6356
2 3437 6547
2 3438 7817
2 3439 4009
2 3439 5120
2 3440 8174
2 3440 8219
2 3440 9813
2 3441 6360
2 3443 3901
2 3443 9358
2 3446 9539
2 3449 5139
2 3449 7409
2 3449 7764
2 3453 7123
2 3453 9540
2 3454 5526
2 3459 4729
2 3464 9658
2 3465 9693
2 3467 7788
2 3468 4965
2 3468 5923
2 3469 8932
2 3470 4918
2 3471 4843
2 3472 8650
2 3474 6725
2 3474 9357
2 3476 4752
2 3482 4918
2 3488 8669
2 3490 3687
2 3490 7610
2 3492 9521
2 3500 9038
2 3502 5654
2 3503 6106
2 3505 7068
2 3514 9835
2 3515 4302
2 3515 8413
2 3516 4039
2 3517 9328
2 3519 8595
2 3520 8895
2 3529 6212
2 3533 7182
2 3533 7817
2 3533 9493
2 3538 7121
2 3553 6366
2 3557 7345
2 3559 4509
2 3560 6021
2 3561 4378
2 3566 4198
2 3567 8141
2 3577 7093
2 3580 4113
2 3580 5419
2 3581 7951
2 3585 4080
2 3587 8160
2 3588 3751
2 3589 3792
2 3591 9873
2 3592 5254
2 3604 7476
2 3614 9550
2 3621 6820
2 3622 4085
2 3622 8534
2 3625 3825
2 3625 6904
2 3630 5471
2 3632 8446
2 3632 8568
2 3633 3925
2 3633 5569
2 3633 6736
2 3636 7891
2 3640 6081
2 3640 6090
2 3642 7279
2 3643 7606
2 3646 8768
2 3653 5553
2 3654 8567
2 3655 9472
2 3657 6493
2 3661 5896
2 3662 5907
2 3662 8000
2 3664 6849
2 3666 4096
2 3667 7180
2 3674 4789
2 3678 3913
2 3678 7855
2 3679 8889
2 3689 8684
2 3690 6145
2 3695 7541
2 3700 9055
2 3703 9586
2 3705 7870
2 3708 4995
2 3714 6846
2 3715 4185
2 3716 7520
2 3717 8752
2 3718 5143
2 3721 6762
2 3726 6284
2 3726 9012
2 3730 7417
2 3731 8288
2 3734 9796
2 3739 8325
2 3740 4419
2 3742 3939
2 3750 9888
2 3752 6760
2 3756 9665
2 3760 4019
2 3761 7281
2 3766 5966
2 3768 6108
2 3770 9921
2 3771 4246
2 3781 9686
2 3785 5201
2 3785 6880
2 3788 4248
2 3789 7641
2 3790 4337
2 3797 8036
2 3801 4398
2 3807 9020
2 3812 6372
2 3815 5921
2 3818 4372
2 3818 6383
2 3827 9269
2 3830 4475
2 3832 4437
2 3833 6118
2 3840 7101
2 3841 3992
2 3842 5094
2 3844 4354
2 3845 6748
2 3852 4948
2 3852 8772
2 3854 8130
2 3858 5679
2 3859 6824
2 3866 5989
2 3867 6182
2 3868 9142
2 3869 3876
2 3870 6162
2 3875 6938
2 3879 9815
2 3883 7347
2 3883 8343
2 3889 7535
2 3894 6035
2 3895 6515
2 3895 9989
2 3899 4003
2 3900 5248
2 3901 8899
2 3902 8610
2 3905 8975
2 3910 7447
2 3914 6161
2 3914 7851
2 3918 6123
2 3922 4873
2 3922 5802
2 3927 4251
2 3935 4102
2 3938 6443
2 3939 5138
2 3947 6552
2 3951 9487
2 3955 7981
2 3957 8611
2 3958 8649
2 3964 7464
2 3966 6168
2 3967 7830
2 3967 8102
2 3969 8796
2 3973 4412
2 3976 5441
2 3977 6070
2 3977 9557
2 3981 5836
2 3981 7935
2 3981 7974
2 3992 4381
2 3993 8384
2 3995 6300
2 3999 5039
2 4002 9016
2 4003 6669
2 4006 9447
2 4007 7490
2 4008 4521
2 4012 4074
2 4013 7390
2 4014 7422
2 4016 7857
2 4020 4517
2 4024 5264
2 4024 9622
2 4027 7139
2 4033 4085
2 4036 6189
2 4039 4308
2 4039 4908
2 4041 5491
2 4043 4460
2 4047 7453
2 4048 9906
2 4051 9203
2 4065 8612
2 4074 6286
2 4074 6641
2 4074 9076
2 4083 7605
2 4085 8825
2 4089 6910
2 4089 9928
2 4098 6003
2 4099 7698
2 4100 4511
2 4104 9500
2 4108 5836
2 4115 5827
2 4115 7748
2 4116 5677
2 4119 6866
2 4120 4557
2 4120 7430
2 4126 7851
2 4135 6703
2 4135 8414
2 4137 8405
2 4140 7018
2 4142 4173
2 4143 4726
2 4143 7174
2 4145 5032
2 4147 7041
2 4148 4632
2 4152 5552
2 4152 6447
2 4155 9031
2 4158 8377
2 4167 5320
2 4176 6245
2 4178 4384
2 4186 9390
2 4187 5219
2 4190 8627
2 4191 7221
2 4191 7571
2 4193 6174
2 4206 8571
2 4216 5333
2 4218 5619
2 4220 7156
2 4223 5707
2 4224 9052
2 4227 8073
2 4230 8291
2 4236 4785
2 4240 9481
2 4243 5216
2 4246 8851
2 4247 9240
2 4257 5598
2 4260 6892
2 4262 7844
2 4263 4295
2 4263 7354
2 4270 8586
2 4279 6538
2 4279 9254
2 4281 7756
2 4286 6637
2 4287 9583
2 4298 7899
2 4300 6871
2 4303 9692
2 4309 5963
2 4316 4343
2 4318 9891
2 4320 5550
2 4321 8102
2 4323 4533
2 4333 5259
2 4335 8355
2 4338 6771
2 4342 8884
2 4344 4751
2 4344 6759
2 4346 8766
2 4348 7305
2 4351 9141
2 4352 5052
2 4359 7506
2 4369 8177
2 4371 9457
2 4384 9299
2 4397 7948
2 4399 8614
2 4400 8237
2 4400 8267
2 4402 5244
2 4403 5967
2 4406 4905
2 4412 8815
2 4414 9614
2 4422 7261
2 4425 8504
2 4429 7118
2 4430 6634
2 4431 5824
2 4431 9956
2 4437 8551
2 4438 8603
2 4456 8061
2 4457 5330
2 4458 5871
2 4459 7000
2 4465 5476
2 4468 5884
2 4469 8345
2 4470 9376
2 4472 5803
2 4472 7722
2 4474 8241
2 4481 8769
2 4483 9592
2 4484 5499
2 4484 6230
2 4488 6511
2 4490 8840
2 4495 6690
2 4495 8537
2 4496 8028
2 4496 9382
2 4500 8167
2 4503 7122
2 4509 4705
2 4509 4877
2 4511 9380
2 4513 8330
2 4520 9252
2 4525 5859
2 4529 8071
2 4543 5786
2 4547 7150
2 4559 6190
2 4559 9101
2 4561 5098
2 4562 7584
2 4566 4619
2 4569 7389
2 4571 9798
2 4572 5882
2 4582 7082
2 4583 5171
2 4584 7632
2 4585 9241
2 4586 6372
2 4586 6870
2 4593 5282
2 4599 7671
2 4603 5029
2 4607 7437
2 4614 6553
2 4624 9551
2 4626 7441
2 4631 9973
2 4637 4677
2 4639 4984
2 4640 7290
2 4643 7472
2 4646 9883
2 4653 8824
2 4657 8314
2 4660 7957
2 4661 5109
2 4664 5156
2 4665 8201
2 4667 6316
2 4671 7253
2 4678 7309
2 4687 8204
2 4693 7689
2 4698 7721
2 4698 9099
2 4708 6834
2 4714 5220
2 4719 6620
2 4720 5551
2 4722 8158
2 4728 5924
2 4731 6885
2 4733 8229
2 4742 8523
2 4747 6959
2 4750 9427
2 4755 6532
2 4755 7323
2 4756 7193
2 4758 8500
2 4759 7349
2 4759 8571
2 4761 7741
2 4765 7219
2 4767 4944
2 4768 7745
2 4773 9562
2 4779 6234
2 4786 6253
2 4790 5236
2 4800 6590
2 4802 6736
2 4805 7866
2 4808 4952
2 4809 5967
2 4812 5429
2 4814 5061
2 4815 7102
2 4823 6658
2 4827 5130
2 4828 5015
2 4829 7755
2 4830 9163
2 4837 5693
2 4840 9436
2 4843 7308
2 4849 7890
2 4850 5222
2 4854 5714
2 4860 5009
2 4862 5271
2 4867 9405
2 4870 5105
2 4871 7051
2 4872 6822
2 4873 9087
2 4877 8753
2 4886 8919
2 4887 9549
2 4888 8094
2 4892 7609
2 4901 7274
2 4905 5537
2 4906 5813
2 4911 9248
2 4919 5486
2 4934 6223
2 4937 7112
2 4952 8991
2 4953 8431
2 4954 8295
2 4961 8810
2 4964 8442
2 4973 6306
2 4978 6803
2 4981 6851
2 4989 7517
2 4990 9978
2 4992 5774
2 5007 6363
2 5008 8310
2 5014 7209
2 5015 5487
2 5023 9375
2 5025 6333
2 5026 7090
2 5026 7935
2 5031 5942
2 5032 6726
2 5033 6804
2 5035 8249
2 5042 5781
2 5050 7336
2 5054 5259
2 5067 7784
2 5069 7489
2 5074 8861
2 5086 9748
2 5090 8860
2 5092 8492
2 5096 8453
2 5104 5829
2 5109 6293
2 5116 6963
2 5116 9686
2 5117 8396
2 5125 9438
2 5150 5610
2 5150 6552
2 5151 7325
2 5153 5625
2 5153 7604
2 5159 5790
2 5159 6405
2 5160 9310
2 5166 6511
2 5169 6181
2 5172 9281
2 5174 7366
2 5174 8409
2 5179 5245
2 5180 9351
2 5198 8932
2 5200 7551
2 5207 8751
2 5210 6838
2 5211 8420
2 5214 6833
2 5221 6075
2 5224 6152
2 5224 8718
2 5226 6019
2 5232 9379
2 5233 7419
2 5235 8367
2 5242 7825
2 5248 8596
2 5252 5455
2 5254 6523
2 5255 5844
2 5261 6220
2 5270 7242
2 5273 8751
2 5274 7834
2 5282 6324
2 5285 9611
2 5287 9991
2 5293 7422
2 5295 7957
2 5299 6843
2 5306 9174
2 5308 9012
2 5312 5557
2 5319 6187
2 5319 6365
2 5322 5343
2 5324 8238
2 5329 9330
2 5329 9863
2 5332 6480
2 5342 9050
2 5343 8650
2 5346 9352
2 5348 7883
2 5358 5523
2 5362 9967
2 5384 6150
2 5385 8523
2 5395 9349
2 5408 7293
2 5409 5665
2 5416 9206
2 5418 6453
2 5424 6232
2 5426 5940
2 5427 7730
2 5430 9274
2 5433 8911
2 5434 6012
2 5439 5974
2 5444 5668
2 5445 7409
2 5451 6404
2 5451 9581
2 5471 5830
2 5476 6358
2 5488 7169
2 5499 7602
2 5502 8118
2 5505 9043
2 5512 8143
2 5513 7885
2 5515 8117
2 5517 5576
2 5519 7413
2 5525 9654
2 5535 8987
2 5536 8266
2 5539 5929
2 5539 9043
2 5542 9127
2 5551 9004
2 5559 9544
2 5571 6635
2 5574 8784
2 5578 9707
2 5580 6727
2 5588 7375
2 5589 5642
2 5589 6579
2 5594 7180
2 5595 5694
2 5599 7808
2 5600 7257
2 5602 7988
2 5621 7301
2 5625 8852
2 5626 8618
2 5630 7770
2 5630 9201
2 5631 9386
2 5637 8199
2 5639 8562
2 5643 8448
2 5649 6333
2 5653 6254
2 5657 9474
2 5661 9805
2 5664 7532
2 5675 8248
2 5692 8846
2 5697 6626
2 5697 8116
2 5703 9856
2 5705 7099
2 5706 9608
2 5709 7390
2 5715 6588
2 5720 7169
2 5724 9121
2 5727 9316
2 5728 9649
2 5730 8372
2 5756 8396
2 5759 8508
2 5760 7060
2 5761 5829
2 5772 8747
2 5781 7553
2 5784 9660
2 5792 8439
2 5793 9415
2 5804 6825
2 5807 8342
2 5808 7195
2 5810 6432
2 5811 7804
2 5815 7362
2 5819 6897
2 5823 9412
2 5824 7215
2 5828 6368
2 5828 7139
2 5829 9637
2 5835 6802
2 5837 6956
2 5846 8320
2 5850 8568
2 5852 9428
2 5864 7085
2 5874 7568
2 5883 6012
2 5894 6255
2 5907 8228
2 5917 8521
2 5921 6964
2 5923 6154
2 5924 8310
2 5928 8205
2 5928 9134
2 5929 7008
2 5929 8068
2 5930 6002
2 5934 7331
2 5943 9180
2 5957 9512
2 5968 9247
2 5971 8640
2 5972 5973
2 5979 8936
2 5981 8713
2 5988 7033
2 5989 9191
2 5991 7857
2 5998 6641
2 6012 7134
2 6016 7960
2 6026 6764
2 6027 9338
2 6050 6777
2 6053 6663
2 6054 7425
2 6056 7218
2 6057 8755
2 6067 6406
2 6068 7416
2 6076 9270
2 6090 8758
2 6101 6229
2 6105 9182
2 6107 6705
2 6109 6778
2 6111 9909
2 6121 9120
2 6122 8254
2 6125 9690
2 6127 7190
2 6129 9033
2 6135 9042
2 6139 7129
2 6139 9269
2 6140 9245
2 6144 9603
2 6150 6569
2 6162 7178
2 6162 9545
2 6162 9749
2 6174 6641
2 6177 7124
2 6187 8631
2 6190 7210
2 6201 9026
2 6209 9787
2 6217 7484
2 6218 9681
2 6220 8723
2 6229 8477
2 6230 6707
2 6230 8210
2 6233 8010
2 6235 7961
2 6240 8786
2 6252 7183
2 6252 9395
2 6257 8241
2 6264 8509
2 6268 6853
2 6269 6893
2 6272 9125
2 6277 7303
2 6284 6679
2 6287 6303
2 6289 9914
2 6302 9528
2 6304 8534
2 6307 7545
2 6307 7598
2 6308 6958
2 6309 7051
2 6310 7515
2 6310 7944
2 6316 6645
2 6316 9261
2 6325 7612
2 6329 8419
2 6331 8220
2 6331 9951
2 6332 7180
2 6337 7018
2 6339 8283
2 6343 8712
2 6352 7219
2 6352 7576
2 6355 6465
2 6359 6670
2 6362 8192
2 6363 9473
2 6364 8722
2 6366 8326
2 6368 9490
2 6369 9179
2 6372 8285
2 6376 6835
2 6377 6396
2 6385 7264
2 6385 9564
2 6391 9249
2 6394 6404
2 6396 8105
2 6408 9198
2 6413 9342
2 6419 8918
2 6423 6851
2 6441 6595
2 6443 8046
2 6445 6648
2 6447 9616
2 6459 8337
2 6466 7307
2 6468 6685
2 6480 8016
2 6484 8750
2 6485 6509
2 6488 9470
2 6496 8349
2 6496 9685
2 6501 8406
2 6507 7438
2 6516 6887
2 6520 8281
2 6521 9405
2 6531 6706
2 6542 8458
2 6542 9032
2 6545 8785
2 6554 8824
2 6560 7385
2 6563 8205
2 6563 8237
2 6564 6919
2 6565 8275
2 6569 8656
2 6575 8769
2 6578 7678
2 6586 9793
2 6590 8475
2 6591 8545
2 6599 9596
2 6606 9295
2 6609 7240
2 6613 9522
2 6616 8125
2 6624 9872
2 6633 7807
2 6669 8606
2 6695 9369
2 6696 8134
2 6707 7979
2 6708 7989
2 6708 9765
2 6710 9793
2 6712 9926
2 6719 8782
2 6728 8895
2 6751 9688
2 6761 7067
2 6764 7708
2 6765 8278
2 6781 7437
2 6805 7684
2 6811 9186
2 6820 8167
2 6850 9860
2 6850 9949
2 6858 8766
2 6861 6952
2 6861 9332
2 6885 9997
2 6890 8017
2 6904 6920
2 6907 9019
2 6907 9690
2 6913 7403
2 6913 7986
2 6921 6953
2 6922 8393
2 6932 7647
2 6934 6991
2 6940 8596
2 6946 7405
2 6955 8428
2 6967 8536
2 6987 8337
2 6999 8816
2 7001 7860
2 7006 7523
2 7011 9140
2 7021 7179
2 7039 7309
2 7044 9419
2 7045 7612
2 7051 8250
2 7060 8033
2 7064 7501
2 7074 9012
2 7078 9314
2 7080 9148
2 7100 8180
2 7106 9181
2 7117 7635
2 7122 7457
2 7125 9195
2 7128 9139
2 7137 7939
2 7141 8008
2 7146 9259
2 7154 9792
2 7168 8678
2 7173 7219
2 7188 9079
2 7197 7508
2 7199 8951
2 7205 7260
2 7206 8248
2 7213 8916
2 7229 9921
2 7238 7691
2 7238 8475
2 7240 7573
2 7241 7906
2 7258 9262
2 7261 8208
2 7263 8445
2 7263 9085
2 7265 8435
2 7266 7987
2 7275 7640
2 7287 8504
2 7297 9915
2 7302 8761
2 7311 8877
2 7336 9276
2 7340 9327
2 7353 8387
2 7367 8474
2 7374 9645
2 7393 8254
2 7394 8872
2 7412 7510
2 7413 7874
2 7417 7451
2 7422 9634
2 7458 9923
2 7469 8680
2 7477 8950
2 7488 8156
2 7511 7876
2 7532 9459
2 7574 9457
2 7577 9022
2 7582 8302
2 7603 7833
2 7607 9444
2 7616 9462
2 7629 7800
2 7629 7943
2 7646 8302
2 7659 8842
2 7668 8093
2 7669 8230
2 7680 8295
2 7695 8802
2 7699 8732
2 7717 9817
2 7720 8340
2 7721 8269
2 7721 8999
2 7727 8949
2 7732 9553
2 7732 9580
2 7735 9126
2 7738 9808
2 7754 8858
2 7756 9094
2 7767 9815
2 7776 9195
2 7776 9355
2 7783 9416
2 7788 9466
2 7790 8838
2 7801 8711
2 7801 9403
2 7808 9051
2 7809 8169
2 7813 8936
2 7813 9086
2 7819 8416
2 7825 9775
2 7853 9555
2 7865 8168
2 7881 8590
2 7881 9643
2 7897 9637
2 7898 9336
2 7909 8912
2 7910 8030
2 7913 8379
2 7915 9750
2 7919 8223
2 7980 8552
2 7986 9757
2 7989 8415
2 7998 8568
2 8004 8516
2 8017 8535
2 8020 8459
2 8025 8044
2 8033 8956
2 8033 9740
2 8039 8302
2 8044 8190
2 8060 8490
2 8061 8703
2 8063 9206
2 8085 8914
2 8115 8329
2 8119 9516
2 8138 8570
2 8170 9657
2 8182 9637
2 8184 9306
2 8185 8848
2 8221 9212
2 8235 9235
2 8248 8265
2 8252 9792
2 8254 9221
2 8260 9030
2 8262 9602
2 8275 8940
2 8279 8787
2 8291 9552
2 8298 8389
2 8300 8918
2 8305 9235
2 8325 8871
2 8326 9288
2 8332 8600
2 8335 9515
2 8344 9750
2 8351 9418
2 8360 9671
2 8366 9637
2 8372 8637
2 8384 8972
2 8398 9412
2 8418 8834
2 8431 8983
2 8431 9519
2 8448 9721
2 8458 9865
2 8487 9863
2 8488 9068
2 8492 9461
2 8508 9558
2 8510 9211
2 8525 9003
2 8527 9869
2 8552 9971
2 8604 9104
2 8613 8965
2 8628 9775
2 8645 9634
2 8648 9361
2 8663 9185
2 8663 9459
2 8685 9617
2 8712 9701
2 8753 9390
2 8783 9817
2 8796 9744
2 8803 9755
2 8814 9338
2 8850 9614
2 8874 9834
2 8877 9889
2 8880 9110
2 8908 9342
2 8909 9693
2 8923 9373
2 8928 9120
2 8973 9498
2 8975 9570
2 9004 9535
2 9011 9858
2 9016 9606
2 9050 9360
2 9051 9742
2 9094 9175
2 9135 9232
2 9135 9309
2 9166 9469
2 9173 9994
2 9177 9880
2 9206 9883
2 9208 9465
2 9229 9711
2 9245 9449
2 9266 9846
2 9310 9574
2 9442 9444
2 9489 9640
2 9510 9785
2 9553 9697
2 9666 9971
2 9885 9990
2 9889 9908
3 1 4260
3 1 5132
3 8 1177
3 8 5747
3 14 728
3 14 1384
3 14 9383
3 15 5759
3 16 9815
3 17 4576
3 18 5445
3 21 7358
3 25 1731
3 26 3005
3 26 9580
3 27 557
3 27 5199
3 28 4678
3 31 157
3 31 9729
3 32 6301
3 34 5633
3 34 8966
3 35 4605
3 44 3401
3 44 8850
3 45 6982
3 46 3859
3 47 3595
3 50 4011
3 54 734
3 56 5683
3 62 2188
3 62 3211
3 62 6644
3 63 2900
3 67 1214
3 68 190
3 69 1361
3 69 9161
3 72 851
3 75 2683
3 75 3843
3 76 3483
3 77 828
3 78 4901
3 78 8359
3 80 8420
3 81 2174
3 84 8917
3 89 5467
3 91 4513
3 93 4168
3 99 1108
3 101 8176
3 106 3520
3 106 9024
3 107 6242
3 111 7923
3 118 4481
3 119 4298
3 121 3808
3 121 4389
3 121 4537
3 121 4915
3 125 571
3 125 2427
3 127 3583
3 127 7166
3 128 1123
3 128 2162
3 131 2706
3 131 4351
3 132 3431
3 135 4403
3 136 486
3 138 3507
3 138 9412
3 140 3257
3 141 7557
3 141 9069
3 142 2804
3 143 4754
3 143 6641
3 144 7003
3 145 1995
3 150 5372
3 151 6634
3 154 4354
3 157 4066
3 160 8159
3 161 1755
3 161 6890
3 164 6374
3 167 920
3 169 2362
3 170 2930
3 176 3525
3 176 6353
3 182 2696
3 183 6886
3 189 3657
3 189 6164
3 189 7142
3 190 7131
3 192 7864
3 194 2667
3 198 585
3 198 7994
3 200 9362
3 201 7291
3 205 1829
3 205 2521
3 208 7901
3 208 8102
3 209 4531
3 212 4573
3 214 2229
3 214 9032
3 215 604
3 215 4894
3 218 2422
3 225 3689
3 227 9060
3 228 8234
3 230 482
3 231 7968
3 234 5972
3 237 407
3 241 8590
3 246 2846
3 246 3627
3 248 5952
3 249 797
3 250 3469
3 253 2695
3 256 1915
3 256 6719
3 257 4352
3 258 9177
3 267 8382
3 269 2027
3 269 4606
3 272 2195
3 272 2465
3 275 491
3 277 5991
3 282 3528
3 284 4234
3 285 3016
3 289 1380
3 291 4329
3 291 6348
3 293 4241
3 294 4237
3 295 4814
3 296 1402
3 296 8765
3 300 732
3 301 6062
3 307 3334
3 307 4559
3 309 896
3 310 7324
3 310 8675
3 315 2718
3 316 671
3 320 8456
3 321 5577
3 323 2902
3 323 4663
3 327 4035
3 327 8901
3 328 6804
3 329 5159
3 330 505
3 336 3539
3 336 9836
3 345 4492
3 345 9562
3 348 7044
3 351 1165
3 351 1931
3 351 2299
3 351 4358
3 351 4884
3 351 5812
3 354 9421
3 355 1991
3 356 1796
3 356 2479
3 356 4032
3 362 5662
3 371 2194
3 375 4896
3 377 7607
3 380 8773
3 383 3304
3 383 3527
3 383 9810
3 384 7584
3 385 9616
3 386 9490
3 387 5636
3 388 5378
3 392 2352
3 395 5422
3 399 6152
3 407 670
3 407 921
3 408 7790
3 412 8894
3 412 9146
3 414 3484
3 417 2858
3 420 2049
3 428 5899
3 430 7956
3 432 8303
3 433 5466
3 436 3775
3 438 6019
3 439 5131
3 440 9369
3 441 4660
3 441 5946
3 443 1763
3 444 5395
3 445 5589
3 449 2030
3 449 2286
3 450 893
3 451 3947
3 452 2362
3 454 9176
3 454 9682
3 455 8404
3 458 9929
3 459 9526
3 461 1660
3 462 4947
3 464 2843
3 466 2290
3 466 2794
3 466 5419
3 468 7258
3 469 2541
3 469 5740
3 473 7841
3 473 9863
3 474 1869
3 475 9721
3 476 9149
3 477 8364
3 481 4707
3 482 3070
3 483 5514
3 484 995
3 488 6837
3 490 5888
3 495 1057
3 498 7899
3 501 725
3 507 1187
3 511 6637
3 513 9096
3 518 5164
3 518 5869
3 518 9375
3 520 3297
3 522 9154
3 524 701
3 525 3342
3 525 9808
3 526 2967
3 528 5117
3 530 2373
3 531 4124
3 531 5882
3 531 8198
3 532 8199
3 534 6197
3 538 6145
3 541 4653
3 541 6939
3 543 2717
3 544 1185
3 545 7128
3 546 2667
3 547 8385
3 551 9267
3 557 622
3 565 1895
3 566 2105
3 567 4320
3 570 6465
3 572 6927
3 574 5661
3 574 7355
3 575 927
3 577 5495
3 577 8736
3 583 8626
3 587 2274
3 590 2835
3 591 5302
3 592 9168
3 600 9395
3 601 4064
3 602 8203
3 602 9710
3 603 4454
3 611 3385
3 612 5959
3 618 5607
3 623 1736
3 624 4590
3 626 4414
3 627 7757
3 631 9988
3 633 3505
3 634 2359
3 634 5495
3 635 3632
3 638 6891
3 639 7812
3 640 4132
3 643 7540
3 644 1483
3 645 8138
3 646 4316
3 647 7415
3 648 4365
3 651 5223
3 656 6917
3 659 1192
3 660 8710
3 662 1824
3 663 2467
3 663 9049
3 665 7067
3 666 8641
3 668 7682
3 669 1486
3 669 1966
3 669 8316
3 671 6853
3 673 8942
3 677 2635
3 677 6961
3 677 7751
3 678 2556
3 678 4652
3 686 2865
3 686 3386
3 686 5645
3 687 5329
3 689 5325
3 690 9304
3 693 9275
3 695 9217
3 701 2486
3 702 7844
3 703 1191
3 703 8097
3 705 6528
3 706 9445
3 707 6995
3 708 8704
3 710 5228
3 714 1591
3 714 5685
3 719 6663
3 720 9834
3 723 5316
3 723 7317
3 730 5093
3 731 4446
3 731 5993
3 732 5487
3 733 3902
3 735 3678
3 736 6785
3 739 6436
3 741 9514
3 742 1047
3 742 8662
3 745 3491
3 745 8161
3 749 4486
3 749 7997
3 750 3416
3 751 5913
3 751 6362
3 755 4427
3 757 3123
3 757 5604
3 759 6543
3 760 2965
3 762 1589
3 764 6455
3 766 7241
3 768 2504
3 768 4269
3 769 9266
3 774 5743
3 776 2887
3 776 5869
3 778 3291
3 781 2589
3 782 6351
3 784 9800
3 800 8957
3 801 6559
3 805 2291
3 806 9246
3 812 5772
3 812 9224
3 813 8979
3 814 10000
3 816 4938
3 819 3904
3 820 4422
3 828 6830
3 829 7222
3 832 2040
3 833 1520
3 834 5994
3 836 6260
3 847 6668
3 850 6950
3 850 7539
3 851 8902
3 852 4536
3 854 3077
3 857 3003
3 857 9896
3 858 2175
3 858 3827
3 865 951
3 865 5923
3 866 4709
3 866 7484
3 868 2666
3 869 5339
3 872 7323
3 875 1834
3 875 6953
3 877 7988
3 878 1746
3 879 9645
3 886 3224
3 888 9243
3 893 7311
3 898 3707
3 898 9973
3 912 2276
3 914 3030
3 915 2022
3 917 1941
3 917 9774
3 920 6694
3 921 3025
3 922 4259
3 925 6775
3 928 9629
3 931 1757
3 931 9322
3 933 2915
3 933 4515
3 934 9982
3 936 5801
3 938 3179
3 938 3682
3 939 3783
3 940 4379
3 945 6320
3 945 9758
3 950 8646
3 952 8236
3 957 6513
3 958 2600
3 968 4058
3 969 7518
3 969 9478
3 973 3213
3 973 8955
3 978 4685
3 978 6867
3 980 9063
3 980 9902
3 983 6871
3 985 3762
3 987 7292
3 988 5891
3 990 2920
3 991 5839
3 993 6774
3 997 7424
3 1000 9085
3 1001 6921
3 1008 3110
3 1011 8227
3 1017 8122
3 1018 7123
3 1025 5186
3 1028 2254
3 1035 3495
3 1037 2553
3 1037 6823
3 1040 9900
3 1042 9697
3 1043 7176
3 1045 4230
3 1049 2614
3 1049 8139
3 1052 9402
3 1055 3079
3 1056 9158
3 1061 3310
3 1061 8820
3 1071 8368
3 1072 8983
3 1076 5448
3 1078 4563
3 1079 3264
3 1080 8826
3 1083 1448
3 1088 5993
3 1090 2742
3 1091 2268
3 1092 6617
3 1093 1673
3 1093 7117
3 1094 6416
3 1097 8108
3 1098 4692
3 1101 7670
3 1102 1175
3 1103 4248
3 1103 6752
3 1105 4369
3 1106 5376
3 1107 4324
3 1108 5713
3 1109 6051
3 1110 6600
3 1121 7352
3 1122 4670
3 1123 9675
3 1124 3298
3 1125 3156
3 1126 2036
3 1131 1508
3 1134 3676
3 1136 3403
3 1139 7892
3 1140 2620
3 1140 9698
3 1141 4784
3 1143 3738
3 1144 2561
3 1145 9137
3 1147 6171
3 1149 3591
3 1150 1243
3 1150 3716
3 1150 8791
3 1153 4215
3 1153 5517
3 1156 6594
3 1157 3921
3 1157 8561
3 1164 4390
3 1169 4603
3 1170 2253
3 1171 9340
3 1172 1919
3 1173 6569
3 1183 6675
3 1184 3038
3 1186 7950
3 1187 1879
3 1190 2792
3 1193 6069
3 1195 4665
3 1195 8771
3 1196 2998
3 1199 1309
3 1200 2184
3 1200 6237
3 1200 6811
3 1206 4296
3 1215 2488
3 1215 2949
3 1215 5969
3 1218 7002
3 1219 4958
3 1228 4542
3 1230 4789
3 1231 3010
3 1232 6571
3 1234 7357
3 1238 2073
3 1239 7395
3 1240 7770
3 1240 9175
3 1241 7583
3 1247 8082
3 1248 1526
3 1251 2956
3 1252 5531
3 1256 4238
3 1258 7746
3 1259 9613
3 1260 1652
3 1261 5483
3 1262 5568
3 1263 7143
3 1265 4244
3 1267 1942
3 1275 9433
3 1275 9493
3 1276 2776
3 1286 6243
3 1287 9026
3 1289 7626
3 1294 2271
3 1298 2728
3 1299 8194
3 1301 9683
3 1307 7540
3 1308 3455
3 1321 3153
3 1326 7227
3 1338 3979
3 1338 5787
3 1340 5064
3 1343 2589
3 1348 5317
3 1349 9077
3 1351 8805
3 1355 4503
3 1355 9819
3 1357 6621
3 1358 4948
3 1358 8144
3 1361 6135
3 1362 2830
3 1362 4116
3 1366 4245
3 1367 5261
3 1371 5304
3 1373 6822
3 1375 2089
3 1378 8098
3 1380 3884
3 1381 4019
3 1384 5718
3 1385 8969
3 1387 9625
3 1391 1766
3 1391 3888
3 1392 6009
3 1402 5966
3 1403 5988
3 1408 5969
3 1411 4767
3 1411 9574
3 1414 4396
3 1414 9719
3 1417 8511
3 1419 6156
3 1422 8389
3 1423 1664
3 1424 3728
3 1426 2051
3 1430 5246
3 1439 8108
3 1445 4162
3 1448 5576
3 1449 3901
3 1453 7353
3 1454 4210
3 1460 8074
3 1463 7674
3 1465 7823
3 1470 1498
3 1470 4109
3 1470 8470
3 1471 5030
3 1471 5372
3 1472 2136
3 1472 4147
3 1474 4641
3 1477 5282
3 1479 4737
3 1481 3101
3 1482 9934
3 1486 2844
3 1490 8259
3 1492 6162
3 1493 5008
3 1493 8955
3 1494 3201
3 1496 8655
3 1496 8744
3 1502 3492
3 1503 9880
3 1504 3769
3 1504 8754
3 1505 8505
3 1518 5606
3 1519 1591
3 1519 6393
3 1521 6768
3 1525 9289
3 1530 3730
3 1533 9522
3 1534 7429
3 1536 4255
3 1537 1871
3 1537 2279
3 1537 5327
3 1538 3951
3 1540 9708
3 1547 2548
3 1547 7402
3 1553 6105
3 1553 9254
3 1555 3480
3 1557 8244
3 1563 6819
3 1564 2577
3 1570 5672
3 1570 7456
3 1571 2380
3 1571 4520
3 1571 6071
3 1573 8452
3 1575 6030
3 1575 9760
3 1585 6597
3 1589 2496
3 1590 4908
3 1592 9808
3 1594 2019
3 1600 5943
3 1605 3454
3 1605 6614
3 1608 2374
3 1614 2611
3 1618 5115
3 1619 1922
3 1624 4163
3 1626 7005
3 1626 8213
3 1628 3451
3 1631 3653
3 1631 5148
3 1634 3415
3 1637 3284
3 1639 1964
3 1639 2036
3 1639 4994
3 1640 1754
3 1646 4817
3 1648 2364
3 1650 4218
3 1654 6758
3 1656 1781
3 1661 3486
3 1662 6278
3 1663 7861
3 1664 6274
3 1674 4398
3 1675 7787
3 1679 3865
3 1681 5287
3 1682 4310
3 1687 2203
3 1701 9167
3 1705 5892
3 1707 2573
3 1710 3916
3 1716 9588
3 1718 6469
3 1724 7906
3 1727 7953
3 1732 2702
3 1732 8802
3 1735 8538
3 1739 6852
3 1746 2893
3 1746 4560
3 1749 5609
3 1749 8793
3 1751 8280
3 1752 9111
3 1753 3111
3 1758 6991
3 1761 7745
3 1774 3773
3 1782 3745
3 1783 1891
3 1785 7654
3 1786 4994
3 1788 5651
3 1789 8013
3 1790 6671
3 1797 5644
3 1799 2066
3 1805 6313
3 1805 9024
3 1814 6808
3 1816 6203
3 1816 6836
3 1819 5181
3 1819 6669
3 1821 5220
3 1826 7146
3 1828 7506
3 1828 8604
3 1836 7429
3 1839 3997
3 1839 7607
3 1847 7753
3 1848 9091
3 1853 4238
3 1856 6716
3 1856 9960
3 1859 4125
3 1859 9487
3 1862 9845
3 1864 6098
3 1870 4339
3 1876 3647
3 1882 4348
3 1883 5088
3 1883 7653
3 1886 1990
3 1886 2841
3 1887 6934
3 1893 2585
3 1902 8030
3 1904 8765
3 1908 3172
3 1912 2007
3 1915 5227
3 1922 3263
3 1922 7639
3 1923 5614
3 1925 5336
3 1932 4035
3 1934 5729
3 1937 7605
3 1938 6029
3 1938 9940
3 1941 3813
3 1943 5754
3 1945 3182
3 1947 5336
3 1948 2668
3 1952 9763
3 1953 2131
3 1955 2791
3 1957 3616
3 1958 2398
3 1961 3646
3 1961 8006
3 1965 2727
3 1969 8077
3 1969 8126
3 1971 6043
3 1975 2815
3 1983 4435
3 1987 6963
3 1991 2719
3 1991 3945
3 1991 4303
3 1993 7420
3 1997 2499
3 2002 4520
3 2002 9162
3 2004 4792
3 2011 3596
3 2011 9752
3 2012 8833
3 2013 9820
3 2015 6151
3 2017 2964
3 2018 5359
3 2021 5872
3 2024 7349
3 2034 5722
3 2035 5213
3 2035 9938
3 2040 9583
3 2040 9833
3 2041 5527
3 2043 4704
3 2043 6975
3 2044 5835
3 2045 6028
3 2046 4184
3 2050 5527
3 2050 6277
3 2058 5302
3 2064 9454
3 2068 6024
3 2069 7260
3 2074 4419
3 2080 7345
3 2082 7669
3 2083 2603
3 2083 4272
3 2085 7252
3 2091 3122
3 2093 6093
3 2094 7870
3 2096 3093
3 2098 7064
3 2113 5884
3 2113 6752
3 2113 7098
3 2114 6033
3 2116 7873
3 2117 4222
3 2117 9938
3 2120 9023
3 2131 9183
3 2133 7449
3 2135 7014
3 2138 8184
3 2141 4796
3 2144 8807
3 2148 5783
3 2152 8169
3 2153 3256
3 2153 7529
3 2154 7385
3 2155 8779
3 2156 6516
3 2157 7691
3 2158 6785
3 2162 8393
3 2165 4088
3 2165 5819
3 2169 4115
3 2174 9210
3 2175 6592
3 2177 8559
3 2179 4370
3 2182 9162
3 2183 7775
3 2183 8936
3 2185 3859
3 2197 3229
3 2198 7157
3 2203 8063
3 2206 8635
3 2214 7591
3 2216 5479
3 2217 5195
3 2217 6959
3 2226 3710
3 2227 4942
3 2227 8256
3 2229 5092
3 2231 3284
3 2243 2602
3 2245 2503
3 2245 6777
3 2249 3038
3 2253 8559
3 2256 7620
3 2257 5714
3 2257 9168
3 2262 5144
3 2262 5622
3 2264 4871
3 2274 5562
3 2274 9535
3 2276 4402
3 2277 5998
3 2279 4149
3 2279 5014
3 2279 7901
3 2282 8426
3 2283 3858
3 2284 4569
3 2284 8563
3 2286 4589
3 2287 9346
3 2291 9216
3 2292 2412
3 2294 8660
3 2295 4763
3 2297 4127
3 2297 5209
3 2298 6924
3 2298 7135
3 2298 8691
3 2300 2460
3 2302 2359
3 2304 3730
3 2305 9392
3 2306 3161
3 2308 6228
3 2309 9021
3 2313 9290
3 2314 8760
3 2316 6360
3 2316 6629
3 2317 3988
3 2319 9821
3 2321 2831
3 2321 8151
3 2323 9300
3 2326 9567
3 2327 6747
3 2332 9825
3 2337 9040
3 2338 9532
3 2346 8898
3 2352 3091
3 2354 9790
3 2355 9489
3 2356 5502
3 2359 6564
3 2364 9140
3 2371 8908
3 2373 5337
3 2373 8166
3 2373 8900
3 2374 9247
3 2378 3880
3 2378 6484
3 2386 9369
3 2389 8450
3 2390 6502
3 2390 7365
3 2397 3429
3 2401 6457
3 2403 6705
3 2404 7137
3 2405 5449
3 2405 5881
3 2405 9800
3 2406 7688
3 2407 8151
3 2409 2694
3 2409 7703
3 2414 9300
3 2421 8653
3 2423 4507
3 2424 8738
3 2426 3259
3 2431 4736
3 2434 9466
3 2439 3717
3 2442 6331
3 2444 3680
3 2444 4968
3 2445 5496
3 2447 8714
3 2451 3676
3 2451 9843
3 2459 6624
3 2460 4989
3 2461 4159
3 2465 4509
3 2469 8604
3 2470 8238
3 2474 7324
3 2474 8476
3 2475 5686
3 2476 4812
3 2479 5782
3 2483 3904
3 2484 6866
3 2485 4722
3 2488 5464
3 2494 5399
3 2498 8595
3 2502 4406
3 2503 8882
3 2504 5988
3 2505 6672
3 2511 4427
3 2512 5002
3 2516 8830
3 2518 4726
3 2518 6091
3 2527 4913
3 2528 5090
3 2530 4896
3 2538 5342
3 2542 5055
3 2552 4242
3 2554 5245
3 2559 5647
3 2561 4601
3 2562 8749
3 2562 9613
3 2568 6388
3 2569 5644
3 2572 3857
3 2574 3344
3 2577 8805
3 2579 2672
3 2581 5557
3 2582 5108
3 2583 9663
3 2586 7296
3 2593 5213
3 2597 8212
3 2598 3725
3 2599 9265
3 2600 3037
3 2605 4786
3 2606 4924
3 2607 2980
3 2608 7511
3 2609 8654
3 2612 5204
3 2616 5428
3 2622 8148
3 2625 4929
3 2633 9781
3 2636 7481
3 2643 4121
3 2643 9823
3 2645 8216
3 2648 3158
3 2648 5619
3 2653 3754
3 2653 6029
3 2654 3855
3 2654 9912
3 2656 3328
3 2657 3948
3 2658 4891
3 2659 3568
3 2660 6507
3 2662 9936
3 2669 3951
3 2677 3085
3 2677 5153
3 2677 9460
3 2682 2988
3 2682 5720
3 2687 5860
3 2688 8190
3 2693 3880
3 2694 5830
3 2696 5680
3 2701 4340
3 2704 2709
3 2704 4799
3 2704 9433
3 2707 4514
3 2710 5501
3 2720 8887
3 2721 5424
3 2721 6929
3 2726 6139
3 2726 6170
3 2731 6009
3 2731 7249
3 2731 9724
3 2733 6188
3 2733 7444
3 2742 9551
3 2745 3188
3 2759 5501
3 2766 5467
3 2766 9438
3 2769 6579
3 2769 8933
3 2771 3124
3 2771 8129
3 2772 3036
3 2773 4711
3 2782 4333
3 2782 6215
3 2782 6218
3 2784 6868
3 2786 3800
3 2791 3037
3 2791 7431
3 2793 4227
3 2793 5429
3 2795 3970
3 2796 3998
3 2797 5131
3 2799 4706
3 2800 6325
3 2801 8906
3 2813 9364
3 2817 3874
3 2817 8170
3 2817 9185
3 2826 5364
3 2830 5954
3 2830 7899
3 2834 3678
3 2834 4755
3 2836 4221
3 2836 7042
3 2838 7866
3 2839 6692
3 2840 5932
3 2841 5079
3 2843 4271
3 2843 4898
3 2843 8745
3 2845 9388
3 2846 9069
3 2851 9518
3 2854 4424
3 2855 5687
3 2862 8615
3 2865 5682
3 2867 9392
3 2868 7749
3 2869 3902
3 2869 9324
3 2870 8679
3 2875 5662
3 2877 5146
3 2878 3936
3 2879 3017
3 2882 4394
3 2882 6154
3 2888 6394
3 2897 7792
3 2904 6825
3 2909 5091
3 2911 3858
3 2913 3175
3 2920 7814
3 2921 4894
3 2928 4615
3 2930 3869
3 2934 5966
3 2940 7827
3 2944 8872
3 2947 6932
3 2951 4743
3 2954 3009
3 2956 8580
3 2958 9970
3 2962 6355
3 2963 7054
3 2964 6278
3 2965 4936
3 2970 7454
3 2974 5522
3 2975 5251
3 2977 5919
3 2978 4303
3 2981 9752
3 2983 6947
3 2985 4692
3 2985 7005
3 2985 7012
3 2986 8150
3 2987 3066
3 2991 7157
3 2993 3196
3 2994 4460
3 2997 9269
3 2998 3457
3 2999 7190
3 2999 8599
3 3000 6388
3 3000 7364
3 3004 4058
3 3006 6337
3 3009 6000
3 3012 9476
3 3014 8265
3 3015 3808
3 3015 7918
3 3017 8438
3 3019 4215
3 3020 8449
3 3023 3652
3 3024 3958
3 3026 4040
3 3030 6117
3 3030 7703
3 3032 6999
3 3034 3949
3 3042 8363
3 3044 8171
3 3047 6625
3 3047 9532
3 3050 8912
3 3052 4599
3 3059 7710
3 3061 9662
3 3063 4204
3 3067 3698
3 3072 4330
3 3076 6819
3 3077 6064
3 3078 6429
3 3079 3317
3 3079 7423
3 3080 4698
3 3083 6816
3 3087 7645
3 3091 7602
3 3091 9508
3 3093 6936
3 3096 5168
3 3097 5066
3 3097 8047
3 3106 5675
3 3112 5476
3 3113 5722
3 3121 5892
3 3127 7734
3 3129 9056
3 3132 6033
3 3135 6723
3 3137 7289
3 3140 4849
3 3141 6247
3 3148 4069
3 3148 6484
3 3153 6123
3 3154 7670
3 3155 4695
3 3157 4832
3 3157 7662
3 3157 9174
3 3159 9636
3 3161 6741
3 3163 3679
3 3166 5495
3 3166 9311
3 3168 7771
3 3174 3730
3 3174 9415
3 3175 9826
3 3176 6973
3 3190 5541
3 3191 5556
3 3210 6463
3 3212 4103
3 3215 6275
3 3217 9711
3 3219 6282
3 3220 7083
3 3225 9269
3 3226 4644
3 3226 6157
3 3230 7536
3 3233 4874
3 3233 9658
3 3235 5641
3 3237 7843
3 3239 3331
3 3239 5719
3 3242 8034
3 3244 9236
3 3249 5895
3 3255 9563
3 3263 4969
3 3267 5663
3 3267 8478
3 3272 9878
3 3281 6271
3 3283 8102
3 3286 6147
3 3287 3333
3 3288 3507
3 3293 9901
3 3296 7909
3 3296 9330
3 3299 5512
3 3301 9374
3 3306 9626
3 3307 7047
3 3317 5244
3 3317 9141
3 3321 6238
3 3324 4045
3 3331 7693
3 3332 3527
3 3333 9700
3 3337 9996
3 3339 4707
3 3345 7720
3 3347 3979
3 3348 7094
3 3354 8463
3 3354 9246
3 3356 3540
3 3362 3643
3 3366 7192
3 3367 5670
3 3369 4825
3 3371 6283
3 3379 7208
3 3385 6323
3 3389 3566
3 3390 4931
3 3391 7831
3 3394 6053
3 3398 7843
3 3402 6454
3 3414 8624
3 3419 9286
3 3421 8558
3 3422 4612
3 3422 7757
3 3424 5185
3 3424 8627
3 3430 9336
3 3431 4215
3 3431 8541
3 3443 5905
3 3445 5531
3 3449 7589
3 3450 8700
3 3450 8781
3 3453 5668
3 3454 5594
3 3461 5347
3 3462 9142
3 3464 3998
3 3468 6276
3 3470 3658
3 3471 5292
3 3482 6409
3 3484 3981
3 3487 4198
3 3487 9805
3 3492 4483
3 3492 8496
3 3498 5589
3 3499 7918
3 3504 6242
3 3505 4687
3 3508 8846
3 3509 6471
3 3511 7788
3 3528 7668
3 3528 9959
3 3530 4195
3 3536 5238
3 3544 9026
3 3545 7865
3 3555 9566
3 3557 9815
3 3562 5344
3 3573 9399
3 3574 6072
3 3588 7597
3 3588 8965
3 3589 8931
3 3591 5683
3 3595 3727
3 3596 4508
3 3596 4544
3 3598 3798
3 3602 4223
3 3608 7262
3 3609 5302
3 3615 9110
3 3619 4560
3 3619 5046
3 3631 3920
3 3634 7423
3 3634 8671
3 3639 7967
3 3644 8317
3 3646 4758
3 3649 5217
3 3654 9773
3 3656 7586
3 3656 8161
3 3656 9736
3 3657 6808
3 3657 6856
3 3659 6037
3 3669 6315
3 3671 5020
3 3672 8339
3 3676 3689
3 3676 7980
3 3676 9405
3 3677 8671
3 3678 8474
3 3679 6876
3 3684 6333
3 3692 3771
3 3693 4371
3 3695 6973
3 3699 8667
3 3700 4112
3 3708 9807
3 3711 6846
3 3719 9633
3 3721 6702
3 3725 5035
3 3727 9192
3 3730 9814
3 3737 3876
3 3740 8914
3 3741 6280
3 3746 9324
3 3747 4544
3 3749 9312
3 3759 5622
3 3761 9710
3 3775 4558
3 3777 5293
3 3778 5863
3 3779 9501
3 3803 8385
3 3807 4502
3 3808 9641
3 3818 7573
3 3819 8653
3 3822 5267
3 3822 5901
3 3824 5323
3 3825 4185
3 3825 6492
3 3825 7457
3 3827 8854
3 3828 5120
3 3831 9596
3 3834 3948
3 3834 7135
3 3841 4919
3 3847 9319
3 3849 4213
3 3854 4606
3 3854 8256
3 3855 4780
3 3862 4226
3 3864 7028
3 3871 5415
3 3871 9068
3 3872 8764
3 3877 5835
3 3878 6968
3 3881 6483
3 3885 6227
3 3885 6472
3 3889 5903
3 3889 8185
3 3891 8513
3 3895 6804
3 3897 7250
3 3902 6859
3 3919 6665
3 3922 9143
3 3927 9418
3 3931 4619
3 3935 9437
3 3937 9266
3 3941 9152
3 3949 5480
3 3952 7331
3 3953 4125
3 3953 9778
3 3954 4073
3 3954 7632
3 3957 3993
3 3964 5424
3 3969 4972
3 3973 4947
3 3975 6919
3 3983 7773
3 3987 8348
3 3988 5476
3 3989 9408
3 3999 4134
3 4014 4812
3 4014 4821
3 4016 5691
3 4029 6896
3 4033 8937
3 4046 5422
3 4047 5448
3 4050 4924
3 4052 8798
3 4056 4199
3 4057 5041
3 4057 6642
3 4057 8772
3 4060 5349
3 4061 8589
3 4064 8354
3 4073 6949
3 4074 9595
3 4076 5841
3 4080 9486
3 4085 6070
3 4087 4486
3 4087 7689
3 4090 8516
3 4093 5620
3 4097 5730
3 4101 6734
3 4103 8516
3 4103 9138
3 4109 6361
3 4109 7628
3 4112 9517
3 4117 9352
3 4120 5202
3 4123 7136
3 4123 9507
3 4124 6910
3 4126 6781
3 4128 8959
3 4134 7807
3 4138 9694
3 4141 4202
3 4142 5843
3 4152 5289
3 4153 6923
3 4157 9893
3 4161 4237
3 4161 6237
3 4162 5752
3 4164 4233
3 4167 7838
3 4177 9751
3 4178 7697
3 4178 8507
3 4181 7779
3 4183 7890
3 4183 9056
3 4188 4450
3 4188 9777
3 4189 4919
3 4190 5735
3 4190 5904
3 4191 8736
3 4196 7341
3 4198 8026
3 4200 6804
3 4200 7519
3 4205 5678
3 4208 5104
3 4216 6157
3 4218 7341
3 4218 9007
3 4218 9317
3 4221 9177
3 4225 6773
3 4232 7577
3 4240 9567
3 4242 6850
3 4243 4623
3 4245 9218
3 4246 7247
3 4249 7747
3 4251 6760
3 4252 5946
3 4254 6953
3 4256 6247
3 4264 5404
3 4264 8100
3 4267 9281
3 4268 5753
3 4270 6699
3 4271 6822
3 4272 9454
3 4276 6999
3 4279 4966
3 4284 9073
3 4289 5811
3 4290 9750
3 4295 6480
3 4299 5019
3 4302 4380
3 4307 6444
3 4307 8924
3 4315 7784
3 4315 8975
3 4318 8539
3 4326 9491
3 4327 5740
3 4327 8572
3 4330 5737
3 4339 5026
3 4342 7978
3 4346 4650
3 4349 6297
3 4349 9412
3 4350 6334
3 4357 9338
3 4358 5382
3 4358 8231
3 4361 6298
3 4363 5987
3 4366 6783
3 4370 7133
3 4373 8303
3 4381 8895
3 4385 8564
3 4389 4891
3 4396 8768
3 4400 6634
3 4407 8030
3 4411 8422
3 4413 6904
3 4419 6311
3 4421 6752
3 4425 8930
3 4425 9176
3 4430 7377
3 4430 7472
3 4435 9982
3 4439 8042
3 4441 9514
3 4442 4519
3 4452 8482
3 4453 4602
3 4458 7850
3 4459 7993
3 4462 7146
3 4465 9940
3 4474 4499
3 4476 8543
3 4482 4602
3 4486 8336
3 4488 8714
3 4501 4542
3 4501 6105
3 4503 6126
3 4504 6889
3 4507 7083
3 4510 7284
3 4510 7367
3 4517 8315
3 4519 8595
3 4522 5194
3 4532 4582
3 4536 8947
3 4541 7910
3 4541 8074
3 4548 7490
3 4554 9421
3 4556 9508
3 4559 5100
3 4559 8199
3 4564 8633
3 4571 5569
3 4577 5587
3 4582 7990
3 4595 5440
3 4604 8296
3 4604 8413
3 4606 8180
3 4606 9146
3 4612 6106
3 4617 7817
3 4622 8190
3 4626 8805
3 4629 6193
3 4632 5425
3 4636 8978
3 4644 6519
3 4653 4763
3 4656 6499
3 4662 9010
3 4669 5004
3 4670 8512
3 4672 8347
3 4674 9720
3 4680 8421
3 4693 9545
3 4698 9792
3 4702 8517
3 4715 8520
3 4720 7627
3 4720 7772
3 4725 7266
3 4730 9656
3 4735 7519
3 4740 9614
3 4744 7619
3 4745 7661
3 4747 5006
3 4747 5069
3 4750 5420
3 4765 6788
3 4765 8896
3 4767 6684
3 4774 9337
3 4775 9613
3 4777 9864
3 4791 6471
3 4792 6709
3 4792 9247
3 4794 4999
3 4795 8987
3 4804 5347
3 4807 6270
3 4807 8787
3 4814 5624
3 4820 6810
3 4828 6971
3 4828 8431
3 4829 6139
3 4831 6119
3 4832 6500
3 4834 6622
3 4842 7853
3 4842 9517
3 4845 6140
3 4847 5866
3 4855 7957
3 4857 7073
3 4865 5997
3 4877 8359
3 4878 6513
3 4883 6918
3 4883 7621
3 4885 8687
3 4888 6867
3 4890 5392
3 4897 6067
3 4911 8844
3 4915 5967
3 4916 6577
3 4918 8358
3 4920 6059
3 4921 9260
3 4923 5558
3 4923 6279
3 4923 7996
3 4926 7950
3 4927 6298
3 4930 9936
3 4936 5267
3 4940 6083
3 4940 9363
3 4942 7115
3 4947 8523
3 4949 6872
3 4952 5559
3 4956 8404
3 4959 6927
3 4959 8742
3 4964 6957
3 4965 5567
3 4966 8689
3 4978 8700
3 4980 5028
3 4980 5579
3 4986 6876
3 4989 5243
3 4991 6579
3 5002 5204
3 5012 9019
3 5015 5650
3 5017 9131
3 5026 7214
3 5036 7713
3 5041 5563
3 5042 9379
3 5049 6386
3 5061 5421
3 5063 5721
3 5063 6189
3 5063 6255
3 5066 8849
3 5072 7274
3 5072 9624
3 5078 6526
3 5079 5911
3 5081 5902
3 5081 6784
3 5081 7285
3 5098 5460
3 5101 6880
3 5110 9989
3 5112 9127
3 5119 9012
3 5128 5976
3 5136 9608
3 5144 7234
3 5144 9992
3 5146 5946
3 5149 8992
3 5150 5197
3 5153 5721
3 5156 7230
3 5161 6593
3 5162 8695
3 5168 6669
3 5169 7870
3 5177 6270
3 5182 5807
3 5182 7773
3 5185 6108
3 5185 6519
3 5191 7914
3 5195 8861
3 5197 8310
3 5202 9571
3 5206 9585
3 5208 6474
3 5209 7874
3 5220 8962
3 5221 7472
3 5224 7936
3 5225 9009
3 5231 5430
3 5234 9834
3 5238 8409
3 5241 9127
3 5243 5452
3 5243 9492
3 5247 7648
3 5248 9670
3 5254 5345
3 5254 7042
3 5260 7209
3 5265 8094
3 5265 9683
3 5274 5301
3 5275 6843
3 5278 5798
3 5288 7921
3 5288 9870
3 5291 6824
3 5311 9308
3 5316 8675
3 5320 5432
3 5321 8122
3 5323 9379
3 5335 6159
3 5335 9551
3 5337 6826
3 5339 9527
3 5340 6121
3 5340 9482
3 5342 6251
3 5347 7540
3 5347 9321
3 5348 6868
3 5350 7455
3 5354 7885
3 5360 5673
3 5366 5822
3 5366 8367
3 5368 9823
3 5369 6652
3 5375 5488
3 5376 5903
3 5383 5657
3 5384 6080
3 5394 8991
3 5396 7833
3 5397 8283
3 5397 9551
3 5401 7767
3 5401 8491
3 5403 9405
3 5406 7546
3 5410 7671
3 5412 7573
3 5414 8450
3 5414 8783
3 5425 9992
3 5427 6533
3 5442 6763
3 5452 7847
3 5457 9238
3 5466 6428
3 5470 6682
3 5470 9268
3 5474 9927
3 5476 5796
3 5476 9680
3 5477 9224
3 5483 8904
3 5483 9457
3 5485 6666
3 5486 6263
3 5486 7510
3 5490 8405
3 5491 9930
3 5496 8409
3 5497 7051
3 5506 8323
3 5525 6700
3 5525 7745
3 5530 9167
3 5532 5893
3 5546 7581
3 5577 5728
3 5579 9769
3 5580 8833
3 5600 8005
3 5606 9778
3 5610 5792
3 5617 8890
3 5621 8875
3 5622 7115
3 5625 5684
3 5627 5874
3 5635 9313
3 5639 5700
3 5651 7175
3 5654 7581
3 5656 9416
3 5663 8984
3 5664 6308
3 5666 6501
3 5668 8782
3 5668 9336
3 5674 9526
3 5680 6626
3 5692 6004
3 5695 9450
3 5696 5910
3 5708 9941
3 5710 6784
3 5711 6020
3 5711 6315
3 5714 7175
3 5724 7261
3 5726 8283
3 5729 6958
3 5734 6063
3 5739 6019
3 5748 9980
3 5759 9031
3 5761 8177
3 5764 9713
3 5765 8778
3 5774 9343
3 5780 6493
3 5782 8572
3 5805 7780
3 5808 8816
3 5816 6311
3 5816 8389
3 5816 9889
3 5821 5883
3 5823 8261
3 5831 9601
3 5837 7203
3 5845 7346
3 5845 9303
3 5848 6281
3 5860 9782
3 5865 8068
3 5870 6902
3 5876 9561
3 5877 5995
3 5885 7426
3 5887 8178
3 5891 7596
3 5892 7234
3 5905 9408
3 5915 8657
3 5916 6876
3 5918 8735
3 5922 9793
3 5927 9421
3 5937 6663
3 5940 9571
3 5953 7188
3 5962 7877
3 5962 8335
3 5962 9210
3 5968 7758
3 5972 8596
3 5977 9602
3 5992 9402
3 5996 7427
3 5998 8901
3 6004 8524
3 6014 8048
3 6016 7137
3 6026 8860
3 6028 7515
3 6029 7018
3 6034 8219
3 6035 6506
3 6039 8709
3 6040 7435
3 6050 6120
3 6050 9899
3 6065 7753
3 6071 9092
3 6073 6616
3 6077 6674
3 6085 7524
3 6093 8538
3 6096 6547
3 6106 8486
3 6107 6225
3 6111 8394
3 6118 8573
3 6121 9272
3 6133 7992
3 6133 9247
3 6136 8205
3 6141 9547
3 6147 7153
3 6152 9441
3 6155 6195
3 6163 9569
3 6166 8999
3 6167 9130
3 6176 9234
3 6179 6195
3 6192 6394
3 6193 8231
3 6200 6961
3 6211 8456
3 6213 6244
3 6219 9598
3 6220 6705
3 6222 8231
3 6223 6663
3 6228 8322
3 6229 6899
3 6233 8981
3 6263 8471
3 6272 7971
3 6286 7029
3 6291 7236
3 6294 6422
3 6294 9270
3 6294 9550
3 6296 9508
3 6309 8294
3 6327 9653
3 6331 6772
3 6334 9847
3 6335 7327
3 6343 6426
3 6347 8849
3 6349 9534
3 6358 6862
3 6366 6460
3 6377 9704
3 6381 8111
3 6393 7307
3 6394 9897
3 6395 6489
3 6395 7551
3 6398 8044
3 6402 7031
3 6409 9644
3 6411 8068
3 6414 9255
3 6418 6977
3 6426 7759
3 6440 9257
3 6445 8562
3 6449 9183
3 6452 9263
3 6454 9328
3 6464 8261
3 6477 6485
3 6482 7063
3 6492 9302
3 6500 6606
3 6500 9955
3 6503 6987
3 6505 7396
3 6514 9037
3 6518 7348
3 6518 8632
3 6530 8679
3 6542 9718
3 6549 7009
3 6550 8858
3 6562 9059
3 6567 9085
3 6570 7858
3 6576 7762
3 6578 8985
3 6579 8327
3 6601 7827
3 6605 7085
3 6613 9926
3 6623 8550
3 6626 8228
3 6628 7996
3 6646 7700
3 6648 7344
3 6657 6848
3 6659 9769
3 6661 6696
3 6663 9363
3 6663 9553
3 6673 9790
3 6678 9012
3 6682 8796
3 6686 9095
3 6689 9155
3 6697 9135
3 6700 9330
3 6702 7247
3 6702 9660
3 6702 9779
3 6709 7713
3 6718 7976
3 6718 8236
3 6720 9847
3 6721 9738
3 6737 8983
3 6755 7404
3 6757 8572
3 6761 9452
3 6767 7599
3 6783 8995
3 6788 9186
3 6819 7368
3 6822 9696
3 6824 7078
3 6826 9743
3 6835 7457
3 6839 7642
3 6840 7033
3 6847 9528
3 6855 8182
3 6879 9720
3 6886 8743
3 6890 8939
3 6897 9894
3 6904 7092
3 6907 9951
3 6913 6933
3 6915 8677
3 6916 8478
3 6922 9014
3 6936 9937
3 6945 9898
3 6948 8892
3 6955 9443
3 6958 9258
3 6958 9616
3 6973 8939
3 6995 7888
3 6999 9737
3 7000 8835
3 7001 8617
3 7010 8529
3 7018 8199
3 7035 7891
3 7042 7383
3 7042 9989
3 7044 7293
3 7049 8220
3 7067 9743
3 7068 9474
3 7075 7414
3 7077 7483
3 7116 8642
3 7122 9893
3 7126 8903
3 7128 9630
3 7128 9631
3 7133 9855
3 7138 7876
3 7146 9353
3 7150 7661
3 7174 7761
3 7176 8416
3 7177 7736
3 7182 8312
3 7194 8703
3 7201 8379
3 7210 7776
3 7211 8553
3 7217 8197
3 7226 7555
3 7227 8141
3 7235 9227
3 7239 9412
3 7242 9677
3 7275 8877
3 7296 8273
3 7300 7650
3 7305 7972
3 7325 8502
3 7331 9502
3 7332 9319
3 7338 9091
3 7338 9605
3 7341 8457
3 7343 7579
3 7351 9883
3 7359 8714
3 7362 9006
3 7397 7804
3 7399 8075
3 7399 8568
3 7402 9066
3 7408 9886
3 7413 9346
3 7430 9803
3 7431 7526
3 7438 9926
3 7439 9670
3 7445 7686
3 7457 9676
3 7464 8068
3 7467 9894
3 7470 8067
3 7473 8665
3 7500 8970
3 7507 7700
3 7507 9040
3 7510 8456
3 7511 8450
3 7511 9530
3 7515 8160
3 7517 7667
3 7518 8824
3 7522 8385
3 7529 8123
3 7540 8368
3 7542 8108
3 7545 8348
3 7549 9282
3 7550 7717
3 7550 8443
3 7554 8887
3 7598 9791
3 7599 7984
3 7617 8550
3 7639 9571
3 7647 9528
3 7647 9696
3 7653 9001
3 7664 9297
3 7674 8699
3 7685 8454
3 7699 8713
3 7705 7844
3 7706 9334
3 7715 9592
3 7722 8789
3 7722 9101
3 7723 9651
3 7731 8669
3 7732 9191
3 7733 9274
3 7738 8950
3 7741 9326
3 7748 9098
3 7753 8984
3 7758 9868
3 7776 9505
3 7819 8141
3 7833 7988
3 7855 8993
3 7864 7895
3 7874 9124
3 7877 9173
3 7880 8663
3 7908 9862
3 7910 9978
3 7911 9660
3 7923 9845
3 7924 8287
3 7953 8405
3 7954 8102
3 7965 8084
3 7996 8540
3 8017 8779
3 8020 8408
3 8028 9306
3 8046 8867
3 8074 8454
3 8076 9655
3 8088 8568
3 8115 9216
3 8121 8248
3 8128 9317
3 8136 9462
3 8143 8421
3 8152 9906
3 8220 9178
3 8222 8433
3 8238 9741
3 8240 9137
3 8243 8431
3 8274 9806
3 8276 8573
3 8281 8781
3 8301 8615
3 8325 9027
3 8327 8690
3 8346 8382
3 8361 9618
3 8364 9512
3 8367 9738
3 8387 9040
3 8393 8724
3 8402 9958
3 8411 9892
3 8426 9820
3 8432 8814
3 8461 9144
3 8461 9747
3 8465 9583
3 8466 9699
3 8473 8758
3 8505 9400
3 8509 9576
3 8528 8628
3 8553 9595
3 8560 9277
3 8565 9156
3 8568 9615
3 8580 8812
3 8587 8856
3 8594 9007
3 8604 9865
3 8616 9799
3 8622 9422
3 8647 9313
3 8665 9197
3 8714 9367
3 8733 9172
3 8737 8924
3 8768 9296
3 8773 9040
3 8796 9531
3 8842 9663
3 8849 9265
3 8864 9207
3 8873 9618
3 8945 9831
3 8973 9488
3 9005 9343
3 9016 9055
3 9020 9608
3 9032 9267
3 9048 9320
3 9083 9140
3 9107 9558
3 9186 9569
3 9191 9504
3 9240 9731
3 9280 9522
3 9351 9777
3 9357 9633
3 9368 9846
3 9385 9481
3 9500 9579
3 9539 9584
3 9546 9786
3 9608 9818
3 9737 9774
