6 100 100
1 1 20
1 1 38
1 1 65
1 1 67
1 2 23
1 2 24
1 2 31
1 2 51
1 2 66
1 2 98
1 3 21
1 3 86
1 3 92
1 3 95
1 4 3
1 4 22
1 4 62
1 4 100
1 5 13
1 5 38
1 5 45
1 6 8
1 6 43
1 6 53
1 6 84
1 7 10
1 7 51
1 7 61
1 7 84
1 7 99
1 8 23
1 8 43
1 8 60
1 8 76
1 8 90
1 9 3
1 9 76
1 9 97
1 10 28
1 10 33
1 10 37
1 10 67
1 11 22
1 11 48
1 11 60
1 11 76
1 11 89
1 12 42
1 12 49
1 12 58
1 12 67
1 12 84
1 13 7
1 13 74
1 13 77
1 14 36
1 14 38
1 14 53
1 15 18
1 15 50
1 15 74
1 15 75
1 16 6
1 16 23
1 16 95
1 16 100
1 17 57
1 18 77
1 18 82
1 19 2
1 19 29
1 19 95
1 20 43
1 20 47
1 20 83
1 21 14
1 21 41
1 21 75
1 21 78
1 21 86
1 22 3
1 22 18
1 22 21
1 22 43
1 22 80
1 22 89
1 22 92
1 23 26
1 24 39
1 24 57
1 24 68
1 25 40
1 25 87
1 25 89
1 25 95
1 26 89
1 26 91
1 26 96
1 27 1
1 27 36
1 27 93
1 27 95
1 28 9
1 28 11
1 28 59
1 28 68
1 28 86
1 28 93
1 28 100
1 29 8
1 29 20
1 29 30
1 29 51
1 29 71
1 29 93
1 30 1
1 30 27
1 30 45
1 31 48
1 31 50
1 31 61
1 31 62
1 31 64
1 31 79
1 32 34
1 32 96
1 33 10
1 33 76
1 34 15
1 34 27
1 34 46
1 34 55
1 34 93
1 34 96
1 35 25
1 35 48
1 35 62
1 35 69
1 35 85
1 35 92
1 36 12
1 36 43
1 36 68
1 36 84
1 37 18
1 37 28
1 37 38
1 37 70
1 37 87
1 37 98
1 38 58
1 38 67
1 38 90
1 39 11
1 39 37
1 39 47
1 39 64
1 39 66
1 39 74
1 39 82
1 39 100
1 40 5
1 40 28
1 41 13
1 41 64
1 41 70
1 41 89
1 42 48
1 42 64
1 42 83
1 42 97
1 43 8
1 43 43
1 43 62
1 43 96
1 44 25
1 44 47
1 44 76
1 45 69
1 45 77
1 45 89
1 46 1
1 46 40
1 46 53
1 46 86
1 46 100
1 47 6
1 47 22
1 47 30
1 47 92
1 47 93
1 48 2
1 48 38
1 48 65
1 48 91
1 48 94
1 49 15
1 49 24
1 49 44
1 49 57
1 49 60
1 50 17
1 50 31
1 50 35
1 50 53
1 51 40
1 51 53
1 51 70
1 51 87
1 51 90
1 52 28
1 52 65
1 52 99
1 53 36
1 53 46
1 53 55
1 54 67
1 55 10
1 55 21
1 55 46
1 55 77
1 56 19
1 56 20
1 57 67
1 57 87
1 58 28
1 58 33
1 58 53
1 58 98
1 59 14
1 59 59
1 59 62
1 59 71
1 60 27
1 60 69
1 61 8
1 61 13
1 61 71
1 61 91
1 62 16
1 62 48
1 62 49
1 62 57
1 62 58
1 62 64
1 62 71
1 63 27
1 63 70
1 64 15
1 64 34
1 64 35
1 65 66
1 65 71
1 65 94
1 66 30
1 66 48
1 66 51
1 66 54
1 67 35
1 67 42
1 67 55
1 67 57
1 67 71
1 67 75
1 67 95
1 68 11
1 68 19
1 68 42
1 68 68
1 68 77
1 69 70
1 69 96
1 70 7
1 70 26
1 71 18
1 71 26
1 71 51
1 71 97
1 72 5
1 72 51
1 72 60
1 72 61
1 72 66
1 72 72
1 72 80
1 73 86
1 74 18
1 74 22
1 74 31
1 74 53
1 74 62
1 74 74
1 75 43
1 75 65
1 75 66
1 75 92
1 75 100
1 76 3
1 76 6
1 76 10
1 76 55
1 76 91
1 77 38
1 77 76
1 78 19
1 78 35
1 78 72
1 78 81
1 78 86
1 79 36
1 79 40
1 79 52
1 79 56
1 79 57
1 79 64
1 80 17
1 80 77
1 81 81
1 82 63
1 82 84
1 84 9
1 84 22
1 84 61
1 84 65
1 84 77
1 84 94
1 84 98
1 85 3
1 85 41
1 85 56
1 85 84
1 86 48
1 86 51
1 86 78
1 86 94
1 87 26
1 87 39
1 87 62
1 88 6
1 88 23
1 88 34
1 88 42
1 88 66
1 89 3
1 89 22
1 89 44
1 89 60
1 89 72
1 90 12
1 90 50
1 91 3
1 91 28
1 91 41
1 91 46
1 92 65
1 92 81
1 92 86
1 92 96
1 93 39
1 93 54
1 93 99
1 94 1
1 94 9
1 94 74
1 94 100
1 95 5
1 95 54
1 95 95
1 96 1
1 96 22
1 96 36
1 96 48
1 96 67
1 96 75
1 96 98
1 97 17
1 97 21
1 97 47
1 98 1
1 98 44
1 98 50
1 98 70
1 98 82
1 99 11
1 99 18
1 99 38
1 99 42
1 99 66
1 99 73
2 1 41
2 1 60
2 1 75
2 2 3
2 2 34
2 2 64
2 3 33
2 3 35
2 3 70
2 3 80
2 3 88
2 4 8
2 4 21
2 4 39
2 4 44
2 5 21
2 5 35
2 5 51
2 5 74
2 6 82
2 6 94
2 7 70
2 7 71
2 8 53
2 8 56
2 8 85
2 9 4
2 9 39
2 9 99
2 10 42
2 10 61
2 10 84
2 11 15
2 11 16
2 11 23
2 11 51
2 11 55
2 11 64
2 12 77
2 12 89
2 13 14
2 13 15
2 13 23
2 13 65
2 14 21
2 14 35
2 14 38
2 14 51
2 15 1
2 15 25
2 15 64
2 16 1
2 16 23
2 16 30
2 16 72
2 16 91
2 17 10
2 17 26
2 17 35
2 17 42
2 17 43
2 17 46
2 17 47
2 17 49
2 17 55
2 17 65
2 18 24
2 18 29
2 18 54
2 18 95
2 19 5
2 19 9
2 19 50
2 19 51
2 19 63
2 19 70
2 19 78
2 19 99
2 19 100
2 20 2
2 20 4
2 20 15
2 20 36
2 20 43
2 21 6
2 21 21
2 21 39
2 21 50
2 21 52
2 21 61
2 21 69
2 22 22
2 22 55
2 22 56
2 23 9
2 23 18
2 23 22
2 23 23
2 23 25
2 23 34
2 23 39
2 24 51
2 24 69
2 25 34
2 25 39
2 25 45
2 25 91
2 26 9
2 26 13
2 26 59
2 27 3
2 27 31
2 27 42
2 27 60
2 27 64
2 28 4
2 28 15
2 28 25
2 28 39
2 28 49
2 28 60
2 28 64
2 28 81
2 29 22
2 29 23
2 29 40
2 29 64
2 29 88
2 29 94
2 30 8
2 30 78
2 30 83
2 31 47
2 31 60
2 31 89
2 31 99
2 32 20
2 33 2
2 33 59
2 33 60
2 33 86
2 33 90
2 34 43
2 34 49
2 34 55
2 35 12
2 35 29
2 35 55
2 35 66
2 35 75
2 35 96
2 36 28
2 36 36
2 36 60
2 36 94
2 37 15
2 37 16
2 37 40
2 37 60
2 37 99
2 38 85
2 38 98
2 39 43
2 39 65
2 39 85
2 40 34
2 40 77
2 40 97
2 41 51
2 41 84
2 42 11
2 42 40
2 42 69
2 42 70
2 42 81
2 43 7
2 43 14
2 43 89
2 44 7
2 44 60
2 44 67
2 44 85
2 44 91
2 45 29
2 45 33
2 45 40
2 45 61
2 45 70
2 45 71
2 45 72
2 46 6
2 46 18
2 46 30
2 46 62
2 46 65
2 46 69
2 46 75
2 46 90
2 46 94
2 47 23
2 47 51
2 47 60
2 47 66
2 48 16
2 48 19
2 48 32
2 48 49
2 48 53
2 48 79
2 48 84
2 48 91
2 48 96
2 49 39
2 49 71
2 49 88
2 49 95
2 50 1
2 50 6
2 50 19
2 50 65
2 50 69
2 51 47
2 51 88
2 52 59
2 52 87
2 52 96
2 53 8
2 53 31
2 53 35
2 53 81
2 54 17
2 54 40
2 54 43
2 54 61
2 54 70
2 54 83
2 55 2
2 55 9
2 55 57
2 55 58
2 55 76
2 56 27
2 56 46
2 56 81
2 57 75
2 58 16
2 58 59
2 58 71
2 58 81
2 59 26
2 59 52
2 59 86
2 60 38
2 61 19
2 61 44
2 61 72
2 61 100
2 62 6
2 62 19
2 62 58
2 62 83
2 63 10
2 63 39
2 63 44
2 64 31
2 64 33
2 64 85
2 64 97
2 65 5
2 65 10
2 65 20
2 65 63
2 65 67
2 65 97
2 66 6
2 66 14
2 66 50
2 66 51
2 66 62
2 66 76
2 66 97
2 67 22
2 68 21
2 68 45
2 69 4
2 69 58
2 69 86
2 69 93
2 69 100
2 70 85
2 70 88
2 71 6
2 71 16
2 71 29
2 71 50
2 72 17
2 72 33
2 72 76
2 72 97
2 73 1
2 73 33
2 73 46
2 73 69
2 73 71
2 73 78
2 73 79
2 74 19
2 74 25
2 74 29
2 74 79
2 74 96
2 75 24
2 76 30
2 76 69
2 76 71
2 76 81
2 76 98
2 77 7
2 78 88
2 79 26
2 79 30
2 79 41
2 79 60
2 80 2
2 80 27
2 80 58
2 80 62
2 81 3
2 81 35
2 81 36
2 82 45
2 83 9
2 83 24
2 83 69
2 84 65
2 84 98
2 85 16
2 85 25
2 85 33
2 85 60
2 85 69
2 85 92
2 85 100
2 86 24
2 86 83
2 87 83
2 88 17
2 88 52
2 88 94
2 89 12
2 89 62
2 89 65
2 89 97
2 90 2
2 90 17
2 90 53
2 90 66
2 90 71
2 91 58
2 91 61
2 91 75
2 91 88
2 91 99
2 92 10
2 92 21
2 92 35
2 92 64
2 92 94
2 93 64
2 93 84
2 93 93
2 93 98
2 94 15
2 94 20
2 94 33
2 94 37
2 94 41
2 95 2
2 95 14
2 95 35
2 95 45
2 96 11
2 96 18
2 96 36
2 96 52
2 96 74
2 96 81
2 97 13
2 97 36
2 97 75
2 97 79
2 97 81
2 99 29
2 99 41
2 99 59
3 1 41
3 1 78
3 1 100
3 2 5
3 2 29
3 2 43
3 2 44
3 2 57
3 2 99
3 3 46
3 3 54
3 3 67
3 3 68
3 3 72
3 4 1
3 4 71
3 5 1
3 5 50
3 6 19
3 6 64
3 6 83
3 6 96
3 7 16
3 7 44
3 7 58
3 7 71
3 7 90
3 7 93
3 8 6
3 8 18
3 8 27
3 8 55
3 8 69
3 8 75
3 9 13
3 9 32
3 9 45
3 10 19
3 10 31
3 10 34
3 10 53
3 10 59
3 10 69
3 10 81
3 10 87
3 11 11
3 11 17
3 11 23
3 11 51
3 11 53
3 11 71
3 11 75
3 11 79
3 11 82
3 12 4
3 12 11
3 12 18
3 12 24
3 12 47
3 12 55
3 12 75
3 13 3
3 13 37
3 13 41
3 13 45
3 13 66
3 13 75
3 13 80
3 13 89
3 13 98
3 14 10
3 14 25
3 14 48
3 14 89
3 15 20
3 15 57
3 15 74
3 15 83
3 16 13
3 16 31
3 17 16
3 17 60
3 17 98
3 18 8
3 18 56
3 18 91
3 19 1
3 19 12
3 19 33
3 19 56
3 19 60
3 19 61
3 19 86
3 20 8
3 20 12
3 20 33
3 20 67
3 20 71
3 20 77
3 21 31
3 21 69
3 22 17
3 22 86
3 23 55
3 23 92
3 24 3
3 24 8
3 24 67
3 24 71
3 24 92
3 25 5
3 25 17
3 25 28
3 25 29
3 25 80
3 25 85
3 26 34
3 26 36
3 26 55
3 26 97
3 27 2
3 27 34
3 27 36
3 28 55
3 28 82
3 29 6
3 29 11
3 29 30
3 29 81
3 30 10
3 30 12
3 30 18
3 30 41
3 30 98
3 31 7
3 31 20
3 31 27
3 31 40
3 31 50
3 31 80
3 32 7
3 32 33
3 32 68
3 32 73
3 32 86
3 32 93
3 33 4
3 33 22
3 33 50
3 33 51
3 33 59
3 33 65
3 33 96
3 34 9
3 34 24
3 34 72
3 34 97
3 35 15
3 35 70
3 36 14
3 36 49
3 36 50
3 36 91
3 37 15
3 37 27
3 37 31
3 37 35
3 37 48
3 37 55
3 38 12
3 38 19
3 38 58
3 38 59
3 39 28
3 39 32
3 39 36
3 39 69
3 39 76
3 39 81
3 39 84
3 39 88
3 39 90
3 40 50
3 40 51
3 40 67
3 40 68
3 41 36
3 41 74
3 41 98
3 42 33
3 42 51
3 42 70
3 42 84
3 42 96
3 43 6
3 43 36
3 43 69
3 43 87
3 44 8
3 44 33
3 44 71
3 44 81
3 44 90
3 45 9
3 45 28
3 45 42
3 45 57
3 45 62
3 45 75
3 45 97
3 46 32
3 46 42
3 46 55
3 47 4
3 47 5
3 47 38
3 47 50
3 48 2
3 48 26
3 48 31
3 48 52
3 48 72
3 48 86
3 49 14
3 49 21
3 49 29
3 50 68
3 50 74
3 50 75
3 50 84
3 50 85
3 51 18
3 51 24
3 52 6
3 52 22
3 52 58
3 52 68
3 52 75
3 52 76
3 52 93
3 53 5
3 53 25
3 53 86
3 54 39
3 54 40
3 54 61
3 54 74
3 54 79
3 54 83
3 54 92
3 55 5
3 55 6
3 55 23
3 55 68
3 55 69
3 55 76
3 55 84
3 56 4
3 56 14
3 56 40
3 56 59
3 56 87
3 57 9
3 57 14
3 57 48
3 57 82
3 57 89
3 58 24
3 58 29
3 58 48
3 58 64
3 58 93
3 58 97
3 59 1
3 59 20
3 59 21
3 59 24
3 59 39
3 59 53
3 59 57
3 59 59
3 59 80
3 59 84
3 60 9
3 60 49
3 61 4
3 61 21
3 61 50
3 61 51
3 61 54
3 61 79
3 61 91
3 61 96
3 62 18
3 62 63
3 62 92
3 63 7
3 63 45
3 63 76
3 63 90
3 64 51
3 64 68
3 65 6
3 65 13
3 65 26
3 65 31
3 66 2
3 66 15
3 66 33
3 66 56
3 66 76
3 67 5
3 67 53
3 67 56
3 67 61
3 67 92
3 67 96
3 68 1
3 68 26
3 68 30
3 68 57
3 68 86
3 69 7
3 69 11
3 69 26
3 69 31
3 69 36
3 69 88
3 70 5
3 70 7
3 70 13
3 70 28
3 70 52
3 70 58
3 70 62
3 70 89
3 71 16
3 73 3
3 73 30
3 73 36
3 73 46
3 73 49
3 73 98
3 74 25
3 74 33
3 74 58
3 75 50
3 75 54
3 75 58
3 75 71
3 75 82
3 75 95
3 75 97
3 76 17
3 76 20
3 76 66
3 76 98
3 77 13
3 77 80
3 77 89
3 78 4
3 78 6
3 78 40
3 78 58
3 78 95
3 79 42
3 79 70
3 79 72
3 79 88
3 80 67
3 80 72
3 80 78
3 81 16
3 81 33
3 81 41
3 81 48
3 81 84
3 81 90
3 82 15
3 82 49
3 82 63
3 82 95
3 82 99
3 83 47
3 83 86
3 84 13
3 84 31
3 84 32
3 85 59
3 85 73
3 86 17
3 86 36
3 86 57
3 87 8
3 87 25
3 87 37
3 87 93
3 88 42
3 88 61
3 88 92
3 89 2
3 89 25
3 89 26
3 89 55
3 89 97
3 90 5
3 90 56
3 90 68
3 90 77
3 90 78
3 90 82
3 91 21
3 91 37
3 92 3
3 92 24
3 92 26
3 92 62
3 92 72
3 93 8
3 93 83
3 94 37
3 95 75
3 95 86
3 96 17
3 96 18
3 96 47
3 96 81
3 96 95
3 97 34
3 97 53
3 97 74
3 97 83
3 98 46
3 98 82
3 98 98
3 99 26
3 99 52
3 99 86
3 99 87
3 99 92
3 99 99
4 1 11
4 1 14
4 1 41
4 1 51
4 1 58
4 1 61
4 1 68
4 2 71
4 2 76
4 3 17
4 3 33
4 3 77
4 3 79
4 4 16
4 4 53
4 4 57
4 4 89
4 4 99
4 5 7
4 5 26
4 5 72
4 5 93
4 6 13
4 6 33
4 6 50
4 6 51
4 6 59
4 6 82
4 6 95
4 7 8
4 7 48
4 8 57
4 9 40
4 9 44
4 9 52
4 9 78
4 10 14
4 10 44
4 10 46
4 10 68
4 11 26
4 11 51
4 11 59
4 12 10
4 12 36
4 12 62
4 13 54
4 13 57
4 13 73
4 13 79
4 14 32
4 14 59
4 15 39
4 15 47
4 15 88
4 16 7
4 16 22
4 16 28
4 16 45
4 16 75
4 16 77
4 16 89
4 17 7
4 17 9
4 17 53
4 17 81
4 18 8
4 18 24
4 18 34
4 18 39
4 18 50
4 18 65
4 19 4
4 19 11
4 19 36
4 19 54
4 19 73
4 20 24
4 20 25
4 20 62
4 20 79
4 20 83
4 21 26
4 21 51
4 21 61
4 21 76
4 21 91
4 22 12
4 22 88
4 22 98
4 23 11
4 23 19
4 23 42
4 23 76
4 23 93
4 23 96
4 24 7
4 24 39
4 24 62
4 24 84
4 24 87
4 24 88
4 25 27
4 25 53
4 25 54
4 26 74
4 26 79
4 27 26
4 27 34
4 27 77
4 27 91
4 27 98
4 28 4
4 28 27
4 28 36
4 29 21
4 29 36
4 29 44
4 30 20
4 30 27
4 30 42
4 30 55
4 30 58
4 30 61
4 30 86
4 31 10
4 31 18
4 31 52
4 31 96
4 31 98
4 32 19
4 32 63
4 32 65
4 32 67
4 32 71
4 32 73
4 32 84
4 32 86
4 32 91
4 33 26
4 33 30
4 33 43
4 33 68
4 33 86
4 34 13
4 34 14
4 34 43
4 34 55
4 34 56
4 34 69
4 34 77
4 34 79
4 34 89
4 34 93
4 35 20
4 35 28
4 35 62
4 36 14
4 36 33
4 36 41
4 36 49
4 37 28
4 37 36
4 37 44
4 37 58
4 37 71
4 37 81
4 39 13
4 40 33
4 40 39
4 40 54
4 40 84
4 41 18
4 41 23
4 41 29
4 41 35
4 41 71
4 42 5
4 42 66
4 42 83
4 43 42
4 43 72
4 43 74
4 43 81
4 44 19
4 44 23
4 44 63
4 44 64
4 46 15
4 46 54
4 46 87
4 46 92
4 47 14
4 47 41
4 47 76
4 48 20
4 48 47
4 48 56
4 48 90
4 48 91
4 48 97
4 49 7
4 49 17
4 49 18
4 49 26
4 49 30
4 49 38
4 49 75
4 49 78
4 49 100
4 50 36
4 50 41
4 50 45
4 50 76
4 50 87
4 50 93
4 50 96
4 50 98
4 51 44
4 52 65
4 53 18
4 53 20
4 53 31
4 53 41
4 53 48
4 53 72
4 53 77
4 54 5
4 54 48
4 54 49
4 54 72
4 54 94
4 55 13
4 55 22
4 55 52
4 56 25
4 56 36
4 56 38
4 56 74
4 56 98
4 57 41
4 58 54
4 58 58
4 59 14
4 59 38
4 59 56
4 60 12
4 60 39
4 60 41
4 60 50
4 60 88
4 60 98
4 61 45
4 62 27
4 62 28
4 62 46
4 62 48
4 62 60
4 63 91
4 64 16
4 64 23
4 64 54
4 64 64
4 65 17
4 65 70
4 65 84
4 65 93
4 66 10
4 66 25
4 66 98
4 67 2
4 67 20
4 67 53
4 67 54
4 68 43
4 69 56
4 69 57
4 69 64
4 70 5
4 70 33
4 70 34
4 71 95
4 71 100
4 72 9
4 72 23
4 72 45
4 72 48
4 72 65
4 72 66
4 72 88
4 73 51
4 73 54
4 73 78
4 75 2
4 75 19
4 75 21
4 75 43
4 75 55
4 75 89
4 76 79
4 77 42
4 77 49
4 77 90
4 77 100
4 78 35
4 78 64
4 79 31
4 79 55
4 79 100
4 80 71
4 81 11
4 81 23
4 81 48
4 82 11
4 82 19
4 82 69
4 82 85
4 83 46
4 83 47
4 84 41
4 84 56
4 85 20
4 85 36
4 85 65
4 86 34
4 87 13
4 87 42
4 87 50
4 87 61
4 88 15
4 88 20
4 88 44
4 88 72
4 88 81
4 88 84
4 88 95
4 89 5
4 89 6
4 89 11
4 89 12
4 89 18
4 89 28
4 89 30
4 89 32
4 89 74
4 89 82
4 90 12
4 90 19
4 90 60
4 90 97
4 90 100
4 91 37
4 91 40
4 91 42
4 91 55
4 91 57
4 91 66
4 91 100
4 92 9
4 92 52
4 93 8
4 93 39
4 93 65
4 93 84
4 93 87
4 94 9
4 94 17
4 94 26
4 94 37
4 94 39
4 94 55
4 94 62
4 94 80
4 94 89
4 95 17
4 95 23
4 95 59
4 95 71
4 96 1
4 96 18
4 96 76
4 96 96
4 97 11
4 97 17
4 97 39
4 97 69
4 97 74
4 97 76
4 97 92
4 97 95
4 98 8
4 98 67
4 98 73
4 99 95
5 1 4
5 1 11
5 1 29
5 1 37
5 1 70
5 2 27
5 2 29
5 2 33
5 2 65
5 2 99
5 3 28
5 3 45
5 3 47
5 3 63
5 3 68
5 3 77
5 3 79
5 3 90
5 4 28
5 4 90
5 5 28
5 5 32
5 5 69
5 6 40
5 6 69
5 6 86
5 7 1
5 7 8
5 7 26
5 7 46
5 7 50
5 8 10
5 8 25
5 8 37
5 8 44
5 8 57
5 8 67
5 8 95
5 8 99
5 9 30
5 9 42
5 9 60
5 9 85
5 9 88
5 10 38
5 10 56
5 11 2
5 11 14
5 12 21
5 13 90
5 14 3
5 14 6
5 14 22
5 14 89
5 15 2
5 15 12
5 15 31
5 15 36
5 15 60
5 15 76
5 15 84
5 16 4
5 16 26
5 16 36
5 16 40
5 16 46
5 16 80
5 16 82
5 17 47
5 17 62
5 17 91
5 18 4
5 18 16
5 18 44
5 18 81
5 18 88
5 18 90
5 19 21
5 19 54
5 19 75
5 19 79
5 20 38
5 20 89
5 21 23
5 21 40
5 21 45
5 21 56
5 21 67
5 21 69
5 21 80
5 22 15
5 22 61
5 22 77
5 22 94
5 23 28
5 23 30
5 23 44
5 23 82
5 24 40
5 24 51
5 24 65
5 24 99
5 25 55
5 25 64
5 25 80
5 25 97
5 26 18
5 26 76
5 27 52
5 28 68
5 29 18
5 29 60
5 29 64
5 30 16
5 30 24
5 30 25
5 30 37
5 31 11
5 31 48
5 31 82
5 31 100
5 32 25
5 32 57
5 32 68
5 33 7
5 33 30
5 33 50
5 33 55
5 33 80
5 34 74
5 35 5
5 35 10
5 35 21
5 35 22
5 36 33
5 36 42
5 37 2
5 37 11
5 38 11
5 38 50
5 38 72
5 39 96
5 40 41
5 40 50
5 40 61
5 40 73
5 40 80
5 41 1
5 41 36
5 41 73
5 43 1
5 43 47
5 43 66
5 44 13
5 44 71
5 44 81
5 45 33
5 45 38
5 45 47
5 45 51
5 46 64
5 46 79
5 46 98
5 47 22
5 47 28
5 47 29
5 47 36
5 47 38
5 47 59
5 48 19
5 48 21
5 48 78
5 49 28
5 49 74
5 50 45
5 50 72
5 51 5
5 51 21
5 51 32
5 51 40
5 51 52
5 52 83
5 52 87
5 52 98
5 53 4
5 53 11
5 53 65
5 53 88
5 53 95
5 54 16
5 54 47
5 54 79
5 54 80
5 55 39
5 55 44
5 55 74
5 56 12
5 56 44
5 56 69
5 56 82
5 57 57
5 58 18
5 58 19
5 58 25
5 58 53
5 59 51
5 59 69
5 59 83
5 59 97
5 60 3
5 60 37
5 61 23
5 61 24
5 61 34
5 61 78
5 61 86
5 61 95
5 62 26
5 62 72
5 62 75
5 62 92
5 63 39
5 63 83
5 64 26
5 64 75
5 64 80
5 64 83
5 64 93
5 65 14
5 65 24
5 65 45
5 65 98
5 66 10
5 66 44
5 66 72
5 66 78
5 67 4
5 67 9
5 67 11
5 67 57
5 68 75
5 69 44
5 69 48
5 69 70
5 69 98
5 70 19
5 70 26
5 70 84
5 71 13
5 71 30
5 71 42
5 71 81
5 71 83
5 71 89
5 72 15
5 72 41
5 72 50
5 72 81
5 72 95
5 73 92
5 73 96
5 73 99
5 74 17
5 74 36
5 74 89
5 74 100
5 75 17
5 75 28
5 75 57
5 76 2
5 76 18
5 76 31
5 76 39
5 76 42
5 76 49
5 77 14
5 77 30
5 77 35
5 77 72
5 77 89
5 78 1
5 78 26
5 78 48
5 78 85
5 79 7
5 79 34
5 79 54
5 79 58
5 79 100
5 80 23
5 80 64
5 80 88
5 81 16
5 81 63
5 81 76
5 81 92
5 82 21
5 82 34
5 82 49
5 82 56
5 82 59
5 82 63
5 82 88
5 82 94
5 82 95
5 83 52
5 83 53
5 83 100
5 84 11
5 84 24
5 84 81
5 84 100
5 85 29
5 85 72
5 86 68
5 86 85
5 86 100
5 87 20
5 87 54
5 87 75
5 88 36
5 88 65
5 88 69
5 88 75
5 88 78
5 88 83
5 89 74
5 90 10
5 90 65
5 90 83
5 91 1
5 91 4
5 91 13
5 91 54
5 91 57
5 91 72
5 92 12
5 92 38
5 93 23
5 93 27
5 93 52
5 93 82
5 93 92
5 94 17
5 94 51
5 94 54
5 94 85
5 94 88
5 95 21
5 95 23
5 95 24
5 95 48
5 95 62
5 96 22
5 96 50
5 96 71
5 97 27
5 97 31
5 97 42
5 97 66
5 98 27
5 98 31
5 98 40
5 98 41
5 98 52
5 99 14
5 99 87
6 1 6
6 1 85
6 2 12
6 2 81
6 2 83
6 2 90
6 3 72
6 3 73
6 3 77
6 3 90
6 4 43
6 5 8
6 5 18
6 5 27
6 5 57
6 5 96
6 6 10
6 6 70
6 6 75
6 6 79
6 7 23
6 7 91
6 8 20
6 8 37
6 9 31
6 9 44
6 9 48
6 9 64
6 9 100
6 10 18
6 10 27
6 10 40
6 10 48
6 10 61
6 10 65
6 10 78
6 10 92
6 11 21
6 11 23
6 11 29
6 11 39
6 11 41
6 11 66
6 11 89
6 11 94
6 12 20
6 12 32
6 12 66
6 12 75
6 12 90
6 12 96
6 13 31
6 13 42
6 13 44
6 13 66
6 13 87
6 14 37
6 14 58
6 14 59
6 14 86
6 15 26
6 15 42
6 15 44
6 15 76
6 15 83
6 15 89
6 15 90
6 16 14
6 16 34
6 16 53
6 16 83
6 16 92
6 17 24
6 17 32
6 17 95
6 17 98
6 18 53
6 18 87
6 19 12
6 19 14
6 19 15
6 19 38
6 19 74
6 20 53
6 20 84
6 20 93
6 21 52
6 21 61
6 21 77
6 21 80
6 22 66
6 22 83
6 23 55
6 24 39
6 24 44
6 24 59
6 24 63
6 25 3
6 25 30
6 25 48
6 25 52
6 25 62
6 25 75
6 26 25
6 26 29
6 26 69
6 26 97
6 27 42
6 27 56
6 27 58
6 27 65
6 27 73
6 28 28
6 28 73
6 28 81
6 28 83
6 28 85
6 28 93
6 29 5
6 29 26
6 29 54
6 30 27
6 30 46
6 30 80
6 30 89
6 31 98
6 32 11
6 32 13
6 32 35
6 32 36
6 32 87
6 33 25
6 33 33
6 33 57
6 33 90
6 33 98
6 34 5
6 34 11
6 34 28
6 35 20
6 35 27
6 35 69
6 35 73
6 35 82
6 35 88
6 36 24
6 36 43
6 36 53
6 36 80
6 36 92
6 37 24
6 37 84
6 38 19
6 38 37
6 38 76
6 38 79
6 39 7
6 39 18
6 39 30
6 39 39
6 39 59
6 40 60
6 40 61
6 40 70
6 40 93
6 41 11
6 41 34
6 41 44
6 41 76
6 42 15
6 42 23
6 42 29
6 42 46
6 42 52
6 42 92
6 42 95
6 43 28
6 43 34
6 43 54
6 43 66
6 43 76
6 43 98
6 44 11
6 44 45
6 44 95
6 45 17
6 45 46
6 45 49
6 45 56
6 45 61
6 45 94
6 45 96
6 46 35
6 46 41
6 46 59
6 46 89
6 46 100
6 47 16
6 47 66
6 48 31
6 48 38
6 48 43
6 48 45
6 48 75
6 48 93
6 49 2
6 49 29
6 49 30
6 49 32
6 49 86
6 49 87
6 49 94
6 50 5
6 50 53
6 50 66
6 50 73
6 51 23
6 51 29
6 51 65
6 51 93
6 52 13
6 53 2
6 53 39
6 53 54
6 53 60
6 53 62
6 53 81
6 53 94
6 53 95
6 53 99
6 54 38
6 54 67
6 54 93
6 55 49
6 55 54
6 55 67
6 56 2
6 57 30
6 57 33
6 57 56
6 57 67
6 57 70
6 57 72
6 57 77
6 58 1
6 58 80
6 58 81
6 58 94
6 59 19
6 59 26
6 59 38
6 59 42
6 59 57
6 60 19
6 60 49
6 60 77
6 60 95
6 60 99
6 61 24
6 62 4
6 62 11
6 62 15
6 62 26
6 62 49
6 62 63
6 62 65
6 62 79
6 63 23
6 63 52
6 63 80
6 64 65
6 64 73
6 65 20
6 65 32
6 65 66
6 65 70
6 65 73
6 66 2
6 66 3
6 66 48
6 66 68
6 66 69
6 66 72
6 66 94
6 67 13
6 67 49
6 67 72
6 67 76
6 67 78
6 68 21
6 68 41
6 68 63
6 68 94
6 69 1
6 69 8
6 69 44
6 70 10
6 71 7
6 71 26
6 71 36
6 71 73
6 71 78
6 71 79
6 72 2
6 72 9
6 72 62
6 72 91
6 73 1
6 73 19
6 73 69
6 73 79
6 74 24
6 74 53
6 74 58
6 74 90
6 75 13
6 75 81
6 76 18
6 76 64
6 76 69
6 76 87
6 77 8
6 77 48
6 77 67
6 78 34
6 78 59
6 79 21
6 79 85
6 81 10
6 81 36
6 81 68
6 81 72
6 81 79
6 82 7
6 82 52
6 82 88
6 82 95
6 82 97
6 83 17
6 83 30
6 83 34
6 83 69
6 83 89
6 84 7
6 84 16
6 84 77
6 84 93
6 85 41
6 85 92
6 85 96
6 86 45
6 86 65
6 87 7
6 87 12
6 87 18
6 87 33
6 87 45
6 87 61
6 87 66
6 87 76
6 87 95
6 87 97
6 88 9
6 88 12
6 88 20
6 88 42
6 89 48
6 89 62
6 89 69
6 89 97
6 90 26
6 90 30
6 90 35
6 91 9
6 91 19
6 91 40
6 91 52
6 91 57
6 91 79
6 92 4
6 92 87
6 92 88
6 93 2
6 93 3
6 93 6
6 93 18
6 93 28
6 94 18
6 94 91
6 95 12
6 95 18
6 95 45
6 95 56
6 95 59
6 95 70
6 95 73
6 95 75
6 95 81
6 96 16
6 96 65
6 96 82
6 97 23
6 97 27
6 97 66
6 97 70
6 98 28
6 98 35
6 98 40
6 98 59
6 98 72
6 98 74
6 99 9
6 99 35
6 99 56
