6 1000 1000
1 1 255
1 2 416
1 2 697
1 2 809
1 2 954
1 3 546
1 5 121
1 7 1
1 8 752
1 8 889
1 9 852
1 14 498
1 16 212
1 16 492
1 20 58
1 23 903
1 24 172
1 26 351
1 26 463
1 28 133
1 28 336
1 28 649
1 28 668
1 30 192
1 30 532
1 31 951
1 32 16
1 35 50
1 35 166
1 35 331
1 36 95
1 36 349
1 36 765
1 38 502
1 38 752
1 39 732
1 41 670
1 42 6
1 43 646
1 44 338
1 44 415
1 45 224
1 48 379
1 48 533
1 49 589
1 50 263
1 52 85
1 52 172
1 55 515
1 56 318
1 59 319
1 60 620
1 60 630
1 61 83
1 61 807
1 62 825
1 63 359
1 63 890
1 63 982
1 64 615
1 66 783
1 67 165
1 68 178
1 68 238
1 68 688
1 69 147
1 70 498
1 73 564
1 73 694
1 74 957
1 75 901
1 78 678
1 80 407
1 81 191
1 81 736
1 82 805
1 84 754
1 85 667
1 87 526
1 87 644
1 88 328
1 89 204
1 90 739
1 91 263
1 93 159
1 94 639
1 94 825
1 97 167
1 97 964
1 98 342
1 99 772
1 100 659
1 100 845
1 102 640
1 103 731
1 104 398
1 104 526
1 105 1
1 105 685
1 107 441
1 108 495
1 108 720
1 109 711
1 110 391
1 111 947
1 113 658
1 113 923
1 114 876
1 116 366
1 116 868
1 117 411
1 118 118
1 120 292
1 120 598
1 122 571
1 122 663
1 126 466
1 128 981
1 129 788
1 132 382
1 133 841
1 134 34
1 134 463
1 134 804
1 135 568
1 137 311
1 137 495
1 137 521
1 138 115
1 138 437
1 138 573
1 138 770
1 138 929
1 139 733
1 139 890
1 140 443
1 140 588
1 142 272
1 142 576
1 143 554
1 144 154
1 144 474
1 144 705
1 146 387
1 146 876
1 147 695
1 148 25
1 148 125
1 149 461
1 151 428
1 154 9
1 154 647
1 155 110
1 155 361
1 156 640
1 157 383
1 157 554
1 157 760
1 158 802
1 159 254
1 159 934
1 160 97
1 160 339
1 160 650
1 160 661
1 161 577
1 161 949
1 162 348
1 163 903
1 164 150
1 164 365
1 165 881
1 165 961
1 167 420
1 169 144
1 169 222
1 173 178
1 174 145
1 175 681
1 175 876
1 176 398
1 177 321
1 177 558
1 178 647
1 178 680
1 180 228
1 180 778
1 182 495
1 183 438
1 183 655
1 183 659
1 185 198
1 185 922
1 186 204
1 186 362
1 187 953
1 188 439
1 189 873
1 190 133
1 190 275
1 191 86
1 191 106
1 191 534
1 193 71
1 194 999
1 196 52
1 196 366
1 200 334
1 201 138
1 201 202
1 201 225
1 204 302
1 206 377
1 206 684
1 208 810
1 208 966
1 209 690
1 209 992
1 210 208
1 210 220
1 210 826
1 212 350
1 212 903
1 213 393
1 213 651
1 214 104
1 214 110
1 214 371
1 214 642
1 215 418
1 216 48
1 216 629
1 220 632
1 221 584
1 222 16
1 225 486
1 226 548
1 228 847
1 230 950
1 231 439
1 231 808
1 231 844
1 232 811
1 234 562
1 235 158
1 235 409
1 235 412
1 236 661
1 236 752
1 236 946
1 237 314
1 237 471
1 237 835
1 239 98
1 239 307
1 239 598
1 239 888
1 239 893
1 241 845
1 242 126
1 244 243
1 244 299
1 244 395
1 245 657
1 246 406
1 246 408
1 249 394
1 249 449
1 249 994
1 250 880
1 251 520
1 252 720
1 253 216
1 253 321
1 254 176
1 254 192
1 255 515
1 259 49
1 268 818
1 269 549
1 270 296
1 270 950
1 271 409
1 272 651
1 272 744
1 275 36
1 275 465
1 276 3
1 276 397
1 278 521
1 280 797
1 280 919
1 281 308
1 281 495
1 281 742
1 283 615
1 283 709
1 286 198
1 287 65
1 289 10
1 290 253
1 290 497
1 290 656
1 291 419
1 294 217
1 295 295
1 297 528
1 299 989
1 300 504
1 301 697
1 302 476
1 302 792
1 304 447
1 304 787
1 305 165
1 305 511
1 305 927
1 307 65
1 307 325
1 308 731
1 309 901
1 311 739
1 311 914
1 312 855
1 313 642
1 313 847
1 315 304
1 315 336
1 315 728
1 316 152
1 316 453
1 316 969
1 317 610
1 317 776
1 318 79
1 319 574
1 320 276
1 320 870
1 321 226
1 324 101
1 325 12
1 326 591
1 327 29
1 327 88
1 327 348
1 328 14
1 328 211
1 328 868
1 330 186
1 330 536
1 331 125
1 332 690
1 332 954
1 333 13
1 333 711
1 333 993
1 334 457
1 334 888
1 335 374
1 336 895
1 337 708
1 339 851
1 339 889
1 340 956
1 341 81
1 341 322
1 342 177
1 342 272
1 343 168
1 343 188
1 344 886
1 346 303
1 347 33
1 347 862
1 348 83
1 349 654
1 350 505
1 351 372
1 351 482
1 352 526
1 353 625
1 355 116
1 355 174
1 355 913
1 355 982
1 357 12
1 359 244
1 359 329
1 359 454
1 359 712
1 359 817
1 361 106
1 361 160
1 362 469
1 363 555
1 365 860
1 365 972
1 366 390
1 367 103
1 367 412
1 368 705
1 369 283
1 369 888
1 373 312
1 374 151
1 375 887
1 375 898
1 377 352
1 378 583
1 381 464
1 381 476
1 381 842
1 382 854
1 383 955
1 384 127
1 384 474
1 385 332
1 386 213
1 386 242
1 386 683
1 390 637
1 391 942
1 392 347
1 393 624
1 394 967
1 396 838
1 397 20
1 397 321
1 397 786
1 398 31
1 398 262
1 398 883
1 401 19
1 403 427
1 407 527
1 410 708
1 411 564
1 411 807
1 412 583
1 412 867
1 413 26
1 413 658
1 414 319
1 414 830
1 415 573
1 415 692
1 415 811
1 416 198
1 418 185
1 419 97
1 420 501
1 423 959
1 424 256
1 424 532
1 425 861
1 426 109
1 426 334
1 426 742
1 427 242
1 428 851
1 429 28
1 429 91
1 429 792
1 430 112
1 430 386
1 431 283
1 431 376
1 431 612
1 431 834
1 433 890
1 434 376
1 437 43
1 437 493
1 439 202
1 445 363
1 445 379
1 446 927
1 447 647
1 447 813
1 448 767
1 449 346
1 449 834
1 452 556
1 455 127
1 455 697
1 455 762
1 456 314
1 459 617
1 460 224
1 461 894
1 462 430
1 463 847
1 464 728
1 464 802
1 465 151
1 465 375
1 465 562
1 467 16
1 468 38
1 469 11
1 470 753
1 473 830
1 475 58
1 475 935
1 476 124
1 476 136
1 476 850
1 477 42
1 479 709
1 480 265
1 480 323
1 483 444
1 484 78
1 484 343
1 485 636
1 485 695
1 487 408
1 487 603
1 487 910
1 488 99
1 488 536
1 489 346
1 489 438
1 494 215
1 494 796
1 496 69
1 496 874
1 496 890
1 497 302
1 497 831
1 498 943
1 499 3
1 499 159
1 500 607
1 500 751
1 501 70
1 501 270
1 502 160
1 503 713
1 504 322
1 505 970
1 506 376
1 506 623
1 507 665
1 507 994
1 510 938
1 511 677
1 512 162
1 512 617
1 515 46
1 515 357
1 515 560
1 516 48
1 516 842
1 520 180
1 524 593
1 525 698
1 526 158
1 529 205
1 532 681
1 532 816
1 533 714
1 534 278
1 534 813
1 537 1
1 537 380
1 537 392
1 537 611
1 538 29
1 539 633
1 540 725
1 540 740
1 541 98
1 542 354
1 543 635
1 544 125
1 544 547
1 545 20
1 545 993
1 547 891
1 548 237
1 548 389
1 548 446
1 548 808
1 548 852
1 550 660
1 551 220
1 555 122
1 556 46
1 557 43
1 557 125
1 557 471
1 559 853
1 560 324
1 560 625
1 561 778
1 561 880
1 563 722
1 564 435
1 564 597
1 565 519
1 568 66
1 571 139
1 571 424
1 575 126
1 575 1000
1 576 616
1 577 856
1 578 756
1 578 802
1 580 764
1 581 109
1 583 213
1 583 444
1 584 435
1 588 124
1 589 930
1 590 991
1 594 49
1 594 595
1 595 813
1 596 721
1 598 530
1 602 403
1 602 570
1 602 971
1 603 394
1 603 582
1 605 481
1 606 995
1 607 811
1 610 337
1 611 497
1 611 646
1 615 630
1 615 802
1 615 891
1 617 823
1 617 953
1 618 512
1 618 729
1 618 753
1 621 506
1 621 905
1 622 314
1 623 295
1 624 550
1 628 399
1 628 652
1 629 66
1 629 545
1 630 413
1 631 304
1 631 445
1 631 536
1 631 972
1 632 249
1 633 144
1 633 319
1 633 693
1 634 294
1 635 869
1 637 284
1 637 597
1 637 691
1 638 686
1 641 20
1 643 180
1 643 657
1 645 560
1 646 116
1 651 69
1 651 560
1 652 119
1 654 45
1 654 63
1 656 500
1 656 542
1 657 342
1 662 968
1 663 405
1 664 921
1 665 283
1 665 666
1 666 1000
1 667 123
1 667 262
1 667 536
1 667 854
1 668 965
1 670 749
1 671 204
1 672 824
1 674 340
1 675 624
1 675 734
1 676 148
1 676 709
1 677 179
1 677 678
1 677 727
1 677 865
1 679 282
1 679 829
1 680 593
1 680 727
1 681 415
1 681 652
1 686 817
1 687 422
1 691 245
1 692 309
1 693 892
1 695 782
1 696 135
1 696 151
1 700 349
1 700 366
1 701 427
1 701 806
1 701 832
1 702 176
1 704 719
1 704 846
1 705 232
1 706 348
1 708 431
1 709 614
1 709 675
1 711 391
1 711 684
1 713 334
1 715 704
1 715 815
1 716 948
1 717 649
1 718 213
1 718 874
1 722 50
1 722 55
1 725 163
1 728 754
1 729 704
1 731 731
1 731 796
1 733 55
1 733 389
1 734 885
1 736 418
1 736 529
1 737 59
1 739 13
1 739 844
1 741 74
1 743 858
1 746 238
1 747 516
1 747 575
1 747 667
1 748 140
1 748 998
1 750 66
1 750 664
1 751 345
1 755 91
1 755 889
1 756 601
1 756 818
1 757 37
1 758 101
1 758 359
1 758 877
1 759 536
1 759 734
1 760 434
1 760 883
1 761 292
1 761 456
1 761 507
1 762 333
1 763 161
1 767 371
1 767 625
1 768 369
1 768 709
1 769 378
1 770 403
1 772 584
1 773 892
1 774 693
1 774 829
1 775 837
1 776 225
1 777 137
1 777 331
1 779 62
1 779 812
1 779 926
1 780 406
1 781 207
1 781 549
1 781 576
1 783 129
1 783 793
1 784 512
1 785 336
1 788 407
1 791 156
1 791 649
1 791 814
1 792 473
1 792 939
1 793 133
1 794 405
1 795 604
1 795 787
1 795 992
1 797 940
1 798 447
1 799 853
1 800 297
1 802 645
1 802 675
1 804 443
1 804 746
1 809 342
1 809 475
1 810 485
1 810 579
1 811 714
1 812 561
1 816 127
1 816 674
1 816 702
1 817 109
1 817 582
1 817 691
1 818 475
1 823 758
1 823 894
1 824 809
1 824 881
1 826 349
1 826 748
1 829 135
1 830 666
1 830 957
1 831 644
1 833 486
1 835 370
1 836 905
1 837 225
1 837 860
1 837 968
1 841 667
1 842 481
1 842 876
1 843 127
1 843 248
1 843 837
1 844 906
1 845 3
1 845 370
1 845 856
1 846 97
1 849 190
1 849 202
1 849 479
1 851 113
1 854 14
1 855 151
1 855 861
1 856 204
1 859 193
1 859 706
1 861 136
1 861 649
1 862 821
1 863 564
1 863 653
1 863 978
1 866 359
1 867 562
1 867 599
1 868 93
1 869 404
1 869 752
1 872 205
1 872 276
1 872 780
1 873 36
1 875 485
1 879 228
1 879 550
1 880 256
1 881 122
1 885 655
1 886 378
1 886 745
1 888 811
1 889 780
1 891 492
1 892 121
1 896 155
1 896 293
1 898 5
1 898 47
1 898 476
1 898 774
1 899 387
1 900 495
1 900 581
1 901 237
1 901 288
1 902 989
1 904 79
1 904 506
1 904 510
1 906 731
1 908 537
1 908 804
1 908 891
1 908 963
1 911 226
1 911 388
1 911 575
1 911 788
1 913 570
1 914 146
1 915 835
1 918 115
1 918 346
1 920 253
1 920 931
1 921 414
1 921 578
1 923 314
1 923 482
1 924 245
1 924 565
1 925 549
1 926 194
1 926 762
1 928 226
1 929 8
1 930 291
1 930 386
1 930 435
1 932 35
1 932 820
1 933 788
1 937 332
1 938 791
1 939 450
1 939 613
1 940 136
1 941 63
1 942 500
1 942 608
1 942 953
1 943 360
1 943 680
1 945 504
1 946 848
1 948 447
1 949 752
1 950 732
1 951 250
1 951 332
1 952 804
1 953 354
1 953 842
1 955 801
1 956 102
1 956 328
1 957 327
1 959 797
1 961 488
1 962 917
1 966 545
1 966 645
1 967 874
1 968 607
1 969 972
1 970 397
1 970 828
1 970 925
1 971 791
1 972 684
1 972 728
1 973 451
1 973 738
1 974 583
1 978 230
1 978 984
1 980 966
1 981 391
1 982 397
1 983 491
1 984 574
1 984 619
1 985 811
1 985 860
1 986 80
1 989 41
1 989 771
1 990 714
1 991 700
1 992 213
1 993 485
1 995 82
1 999 448
2 1 287
2 2 29
2 2 869
2 2 920
2 3 106
2 4 273
2 6 311
2 6 450
2 6 476
2 6 845
2 7 38
2 7 67
2 7 330
2 7 941
2 8 299
2 8 715
2 10 784
2 11 764
2 12 692
2 17 586
2 20 790
2 22 654
2 23 626
2 23 672
2 25 367
2 26 315
2 27 284
2 27 496
2 29 197
2 30 8
2 30 304
2 31 675
2 31 690
2 35 11
2 35 391
2 37 78
2 37 608
2 39 8
2 40 609
2 41 160
2 43 96
2 44 744
2 44 869
2 47 709
2 50 682
2 52 62
2 52 114
2 52 179
2 52 543
2 52 846
2 52 848
2 55 997
2 56 175
2 58 307
2 59 180
2 59 917
2 64 808
2 65 298
2 65 383
2 67 377
2 69 384
2 70 959
2 71 303
2 74 166
2 74 288
2 75 251
2 77 169
2 79 880
2 80 86
2 81 726
2 81 831
2 81 939
2 82 3
2 82 811
2 82 870
2 83 197
2 83 657
2 84 93
2 84 354
2 84 762
2 84 877
2 84 879
2 85 77
2 85 353
2 87 69
2 87 251
2 90 195
2 90 575
2 91 161
2 93 20
2 93 91
2 93 346
2 93 928
2 94 373
2 94 843
2 95 221
2 95 694
2 95 970
2 96 273
2 97 481
2 97 787
2 98 770
2 100 204
2 100 802
2 101 161
2 103 529
2 106 449
2 107 812
2 111 83
2 111 887
2 114 37
2 116 177
2 116 739
2 117 54
2 118 768
2 119 436
2 120 722
2 122 543
2 124 374
2 124 750
2 126 924
2 128 467
2 128 682
2 128 952
2 130 54
2 130 94
2 130 105
2 131 754
2 132 658
2 133 425
2 134 507
2 135 338
2 135 591
2 138 148
2 138 930
2 139 82
2 139 351
2 140 768
2 144 19
2 145 106
2 145 876
2 147 130
2 147 500
2 147 523
2 151 355
2 151 420
2 151 552
2 152 747
2 152 995
2 153 921
2 154 56
2 154 381
2 155 183
2 155 185
2 155 882
2 156 217
2 157 419
2 157 990
2 158 535
2 158 932
2 159 445
2 159 555
2 159 824
2 160 707
2 161 103
2 161 322
2 162 79
2 162 634
2 163 162
2 163 470
2 164 316
2 164 748
2 166 726
2 167 403
2 167 663
2 168 462
2 170 689
2 171 562
2 173 66
2 174 714
2 175 227
2 177 403
2 177 915
2 179 402
2 183 417
2 183 724
2 184 342
2 184 792
2 187 796
2 188 379
2 189 53
2 189 154
2 189 190
2 191 922
2 192 170
2 194 490
2 197 801
2 198 100
2 198 254
2 198 303
2 198 826
2 200 210
2 201 237
2 201 542
2 201 576
2 204 919
2 205 684
2 205 826
2 207 229
2 207 608
2 208 15
2 208 837
2 209 134
2 211 245
2 211 430
2 211 781
2 212 292
2 213 437
2 214 848
2 215 743
2 218 515
2 218 523
2 220 83
2 221 470
2 222 226
2 223 21
2 223 143
2 223 213
2 223 883
2 224 466
2 225 627
2 227 144
2 227 537
2 228 970
2 230 987
2 233 374
2 233 375
2 233 822
2 234 45
2 236 89
2 236 642
2 237 118
2 237 271
2 238 849
2 239 83
2 239 389
2 240 776
2 241 9
2 241 427
2 242 425
2 243 115
2 244 517
2 244 953
2 245 42
2 245 491
2 246 444
2 249 313
2 249 934
2 251 164
2 254 425
2 254 965
2 255 336
2 255 653
2 256 315
2 257 472
2 257 662
2 259 141
2 261 238
2 261 590
2 262 638
2 265 844
2 267 256
2 267 809
2 268 110
2 269 915
2 270 29
2 271 827
2 272 90
2 272 170
2 272 185
2 273 434
2 273 442
2 274 658
2 275 591
2 276 167
2 277 741
2 277 990
2 278 178
2 280 536
2 280 676
2 282 708
2 283 718
2 284 909
2 285 169
2 286 152
2 287 970
2 289 94
2 289 397
2 291 342
2 292 737
2 292 772
2 292 879
2 293 318
2 294 263
2 295 70
2 295 235
2 295 927
2 296 915
2 297 682
2 298 695
2 299 579
2 303 228
2 304 914
2 305 566
2 305 654
2 309 155
2 309 220
2 309 980
2 311 456
2 312 404
2 312 443
2 315 524
2 315 610
2 315 718
2 316 684
2 316 888
2 318 1
2 318 199
2 318 591
2 318 612
2 319 194
2 320 718
2 322 108
2 322 214
2 322 848
2 323 741
2 323 908
2 326 27
2 326 141
2 326 673
2 328 948
2 329 809
2 329 876
2 330 325
2 330 980
2 331 388
2 331 477
2 331 636
2 333 73
2 334 632
2 335 687
2 335 741
2 335 930
2 337 86
2 337 358
2 337 412
2 337 650
2 340 694
2 341 795
2 341 960
2 342 975
2 343 448
2 344 567
2 345 193
2 347 744
2 348 536
2 349 510
2 351 21
2 352 122
2 355 276
2 359 508
2 360 822
2 361 560
2 362 438
2 365 837
2 366 407
2 366 980
2 368 424
2 369 78
2 369 590
2 370 419
2 370 624
2 370 903
2 371 48
2 371 529
2 372 198
2 375 300
2 375 385
2 375 637
2 375 683
2 376 957
2 378 922
2 378 984
2 379 617
2 380 633
2 381 578
2 386 32
2 388 405
2 389 279
2 389 398
2 390 223
2 390 585
2 390 879
2 392 106
2 394 286
2 395 660
2 397 15
2 397 679
2 397 840
2 401 429
2 402 13
2 402 365
2 402 674
2 404 397
2 408 991
2 409 135
2 410 309
2 410 310
2 412 15
2 413 308
2 413 396
2 413 423
2 414 559
2 414 638
2 415 128
2 416 561
2 417 113
2 418 880
2 420 381
2 421 489
2 422 857
2 423 272
2 425 426
2 426 643
2 429 239
2 429 249
2 429 486
2 429 535
2 429 778
2 430 991
2 432 634
2 433 418
2 434 123
2 436 452
2 436 740
2 437 783
2 438 880
2 440 974
2 443 663
2 444 400
2 446 291
2 447 123
2 447 489
2 447 892
2 448 24
2 448 158
2 448 367
2 449 37
2 450 262
2 452 96
2 453 187
2 454 120
2 454 293
2 454 773
2 454 889
2 456 297
2 456 725
2 457 118
2 458 319
2 460 502
2 460 884
2 463 716
2 464 675
2 465 916
2 467 890
2 468 251
2 468 626
2 471 348
2 471 486
2 473 653
2 473 870
2 475 62
2 475 603
2 476 44
2 477 381
2 478 665
2 480 713
2 481 821
2 482 702
2 484 853
2 486 311
2 487 123
2 487 594
2 487 686
2 488 654
2 489 587
2 490 95
2 490 174
2 490 235
2 490 737
2 491 227
2 491 282
2 492 518
2 494 298
2 495 777
2 496 431
2 498 51
2 498 130
2 499 875
2 502 797
2 503 139
2 505 748
2 506 179
2 506 994
2 508 54
2 508 325
2 511 62
2 512 979
2 513 254
2 516 83
2 518 20
2 518 705
2 519 79
2 519 226
2 519 946
2 520 870
2 522 5
2 522 724
2 523 942
2 525 128
2 528 316
2 528 405
2 529 943
2 530 573
2 531 137
2 533 971
2 535 390
2 535 503
2 535 515
2 536 146
2 536 916
2 538 546
2 539 242
2 541 802
2 542 218
2 545 311
2 548 208
2 548 370
2 548 913
2 549 16
2 550 214
2 550 354
2 550 365
2 551 77
2 552 740
2 553 501
2 553 891
2 554 904
2 555 555
2 555 598
2 556 123
2 558 232
2 558 236
2 558 532
2 559 236
2 560 859
2 560 991
2 561 28
2 561 238
2 562 134
2 562 666
2 564 742
2 566 324
2 566 518
2 568 248
2 569 71
2 569 584
2 576 761
2 577 717
2 579 441
2 579 703
2 580 712
2 581 143
2 581 456
2 585 253
2 585 525
2 586 76
2 586 849
2 586 893
2 587 221
2 587 508
2 588 348
2 589 384
2 589 500
2 591 103
2 592 332
2 592 914
2 593 395
2 594 497
2 595 853
2 598 726
2 599 695
2 600 977
2 601 398
2 604 183
2 605 83
2 605 740
2 605 794
2 606 656
2 606 969
2 607 708
2 610 49
2 610 727
2 611 60
2 612 412
2 612 969
2 613 452
2 617 489
2 617 814
2 618 165
2 618 245
2 620 105
2 620 226
2 620 960
2 623 248
2 624 32
2 624 105
2 626 182
2 627 806
2 628 86
2 628 446
2 628 650
2 628 975
2 632 424
2 633 304
2 634 728
2 634 932
2 634 935
2 636 17
2 636 708
2 637 803
2 638 468
2 640 362
2 641 320
2 645 53
2 645 482
2 646 928
2 647 464
2 648 215
2 649 117
2 650 197
2 651 242
2 654 808
2 655 654
2 656 59
2 657 641
2 659 28
2 659 436
2 660 124
2 660 502
2 662 151
2 663 168
2 663 222
2 664 948
2 665 562
2 666 205
2 666 963
2 667 184
2 667 462
2 667 619
2 669 97
2 670 416
2 670 832
2 671 1
2 674 667
2 675 61
2 675 451
2 676 98
2 677 216
2 679 461
2 680 150
2 680 743
2 680 883
2 681 188
2 683 585
2 683 747
2 687 553
2 687 829
2 688 908
2 689 183
2 690 57
2 690 337
2 690 994
2 691 972
2 693 650
2 694 231
2 694 797
2 697 361
2 698 324
2 700 536
2 701 587
2 702 649
2 703 407
2 704 865
2 705 359
2 706 421
2 707 464
2 707 658
2 708 709
2 708 973
2 710 350
2 711 68
2 712 802
2 713 97
2 717 327
2 718 432
2 719 164
2 720 585
2 724 456
2 724 477
2 724 719
2 724 765
2 726 975
2 728 347
2 728 541
2 730 381
2 730 536
2 731 384
2 731 551
2 734 480
2 738 743
2 739 63
2 742 114
2 743 102
2 743 479
2 744 873
2 747 77
2 748 286
2 749 488
2 752 762
2 753 488
2 755 53
2 757 400
2 757 638
2 757 827
2 757 852
2 757 982
2 758 685
2 759 58
2 759 224
2 759 300
2 760 170
2 760 311
2 760 900
2 761 842
2 762 32
2 764 314
2 765 625
2 767 560
2 768 238
2 769 752
2 770 292
2 774 234
2 777 179
2 778 691
2 778 907
2 778 927
2 780 104
2 782 494
2 782 763
2 783 511
2 783 707
2 783 845
2 785 636
2 787 357
2 787 526
2 788 568
2 789 201
2 789 785
2 789 911
2 793 27
2 793 124
2 796 444
2 796 527
2 797 94
2 799 81
2 799 682
2 801 978
2 802 36
2 802 1000
2 803 368
2 804 38
2 805 693
2 806 131
2 807 921
2 808 164
2 809 306
2 809 328
2 809 910
2 810 233
2 812 236
2 812 362
2 814 2
2 814 928
2 815 383
2 817 322
2 817 762
2 818 567
2 819 152
2 819 883
2 820 192
2 820 216
2 821 292
2 823 801
2 825 206
2 825 430
2 827 301
2 827 682
2 827 739
2 831 728
2 832 664
2 833 691
2 834 205
2 835 113
2 835 443
2 835 579
2 836 157
2 836 427
2 838 892
2 838 947
2 839 661
2 841 357
2 841 475
2 842 227
2 844 435
2 846 925
2 847 356
2 847 405
2 848 329
2 849 316
2 849 450
2 849 658
2 849 902
2 850 374
2 850 638
2 850 890
2 851 267
2 854 568
2 855 935
2 856 117
2 856 602
2 856 603
2 857 720
2 858 694
2 858 951
2 860 801
2 862 228
2 862 438
2 864 218
2 864 725
2 865 896
2 866 690
2 866 865
2 867 442
2 868 152
2 869 197
2 869 225
2 870 278
2 871 901
2 871 935
2 873 17
2 873 352
2 873 424
2 878 548
2 879 795
2 883 211
2 884 96
2 886 621
2 889 76
2 891 97
2 892 422
2 892 577
2 893 585
2 894 590
2 895 423
2 895 432
2 896 189
2 898 624
2 899 957
2 900 689
2 903 492
2 903 714
2 904 375
2 904 694
2 910 725
2 910 731
2 911 675
2 912 279
2 913 326
2 914 210
2 914 634
2 915 450
2 917 389
2 918 994
2 920 534
2 922 351
2 924 4
2 928 737
2 930 749
2 930 929
2 931 216
2 931 410
2 933 6
2 933 206
2 933 927
2 935 240
2 935 457
2 935 465
2 935 858
2 936 436
2 937 69
2 938 538
2 938 627
2 939 640
2 939 789
2 939 825
2 940 43
2 941 178
2 943 559
2 944 203
2 947 162
2 948 811
2 948 924
2 949 190
2 950 886
2 951 227
2 952 730
2 952 898
2 952 973
2 953 600
2 954 84
2 957 285
2 958 386
2 958 843
2 958 864
2 961 958
2 962 82
2 963 154
2 965 910
2 965 997
2 966 24
2 967 290
2 967 997
2 968 363
2 968 910
2 969 619
2 969 981
2 970 739
2 970 999
2 971 700
2 971 956
2 972 26
2 972 474
2 973 16
2 973 331
2 975 227
2 976 140
2 976 324
2 976 837
2 976 841
2 978 573
2 979 168
2 980 631
2 981 34
2 981 297
2 981 841
2 984 832
2 984 901
2 985 694
2 990 129
2 992 481
2 992 794
2 993 684
2 993 734
2 993 988
2 994 123
2 994 363
2 998 618
2 999 541
3 1 30
3 1 132
3 1 421
3 2 758
3 3 162
3 4 280
3 4 838
3 5 452
3 5 817
3 8 819
3 9 376
3 9 808
3 11 72
3 11 277
3 13 629
3 15 619
3 17 849
3 18 212
3 18 524
3 20 245
3 21 561
3 22 819
3 23 141
3 23 967
3 24 186
3 25 235
3 25 466
3 26 714
3 31 254
3 32 934
3 33 459
3 34 241
3 34 294
3 34 648
3 34 697
3 34 803
3 36 599
3 37 999
3 38 163
3 40 23
3 40 152
3 41 104
3 41 134
3 41 671
3 41 760
3 42 757
3 43 278
3 45 31
3 45 586
3 46 449
3 47 417
3 47 592
3 47 602
3 47 912
3 48 115
3 48 369
3 50 741
3 50 941
3 51 151
3 56 478
3 58 458
3 62 868
3 67 509
3 69 156
3 70 265
3 70 465
3 73 614
3 73 892
3 75 2
3 75 283
3 76 593
3 77 471
3 77 475
3 78 234
3 78 945
3 79 77
3 79 214
3 80 228
3 80 433
3 81 301
3 81 523
3 81 898
3 82 165
3 83 904
3 85 57
3 86 135
3 86 577
3 88 130
3 88 891
3 89 822
3 89 882
3 90 449
3 91 84
3 93 283
3 94 244
3 95 141
3 95 295
3 96 142
3 96 962
3 97 135
3 97 450
3 97 525
3 99 261
3 100 39
3 103 534
3 105 245
3 109 887
3 110 594
3 111 355
3 112 34
3 114 430
3 114 553
3 114 791
3 115 436
3 115 794
3 116 245
3 117 383
3 117 560
3 121 236
3 121 970
3 122 634
3 124 66
3 124 294
3 125 402
3 126 161
3 127 720
3 127 949
3 130 135
3 130 460
3 130 932
3 131 743
3 132 171
3 132 579
3 132 929
3 133 76
3 133 106
3 133 641
3 133 912
3 134 507
3 136 148
3 136 517
3 138 2
3 138 969
3 140 911
3 141 477
3 141 802
3 143 189
3 144 56
3 145 476
3 146 95
3 146 146
3 146 441
3 146 775
3 147 998
3 148 582
3 150 570
3 151 467
3 152 170
3 153 137
3 153 171
3 153 506
3 153 778
3 153 922
3 154 901
3 155 37
3 158 423
3 159 445
3 159 967
3 159 978
3 162 934
3 163 859
3 166 161
3 166 245
3 168 529
3 170 886
3 170 928
3 173 216
3 173 678
3 173 966
3 176 90
3 182 195
3 182 605
3 185 681
3 190 152
3 191 651
3 191 702
3 192 258
3 192 304
3 192 381
3 192 478
3 192 606
3 194 194
3 194 391
3 194 922
3 196 746
3 197 17
3 197 109
3 197 917
3 198 451
3 198 758
3 199 78
3 199 771
3 200 89
3 200 367
3 200 810
3 202 946
3 203 714
3 203 978
3 205 252
3 205 676
3 207 277
3 208 651
3 209 30
3 209 722
3 211 945
3 212 81
3 214 546
3 214 825
3 215 177
3 216 112
3 216 676
3 220 266
3 220 606
3 221 239
3 222 244
3 225 11
3 226 862
3 229 262
3 230 362
3 231 907
3 232 244
3 235 781
3 237 232
3 238 339
3 242 434
3 242 808
3 244 314
3 246 494
3 246 681
3 248 901
3 249 360
3 250 90
3 250 386
3 252 524
3 252 626
3 253 237
3 254 467
3 255 493
3 255 504
3 255 615
3 256 390
3 257 384
3 258 160
3 258 809
3 260 698
3 261 573
3 263 685
3 264 538
3 267 186
3 267 626
3 268 500
3 269 550
3 271 332
3 278 322
3 278 675
3 279 36
3 280 832
3 280 1000
3 281 229
3 282 198
3 282 369
3 282 672
3 283 205
3 284 180
3 284 874
3 285 433
3 288 493
3 289 315
3 289 1000
3 291 957
3 295 72
3 296 93
3 296 917
3 297 971
3 298 455
3 298 816
3 299 536
3 300 100
3 300 597
3 300 968
3 302 759
3 303 197
3 303 865
3 304 75
3 304 955
3 305 135
3 305 411
3 305 736
3 307 96
3 308 581
3 309 537
3 309 930
3 310 89
3 310 756
3 311 300
3 311 317
3 312 925
3 312 994
3 314 111
3 314 469
3 314 950
3 315 711
3 315 849
3 317 379
3 317 928
3 318 2
3 318 205
3 319 778
3 320 247
3 320 849
3 321 514
3 322 250
3 322 986
3 323 693
3 323 762
3 323 999
3 323 1000
3 324 399
3 324 777
3 326 587
3 326 649
3 326 936
3 328 172
3 329 931
3 331 813
3 332 3
3 334 479
3 335 224
3 335 254
3 338 494
3 338 560
3 338 699
3 338 859
3 339 65
3 340 738
3 341 387
3 341 724
3 342 673
3 344 507
3 344 737
3 345 326
3 345 505
3 345 552
3 345 579
3 346 9
3 346 903
3 347 463
3 348 882
3 349 624
3 349 868
3 351 397
3 352 137
3 352 346
3 353 387
3 353 638
3 355 208
3 355 857
3 356 829
3 357 3
3 357 104
3 357 845
3 358 642
3 359 494
3 360 697
3 361 574
3 362 182
3 363 108
3 363 399
3 363 645
3 364 75
3 364 590
3 366 176
3 366 300
3 366 359
3 367 121
3 368 421
3 368 588
3 369 930
3 371 676
3 373 335
3 373 553
3 373 997
3 375 454
3 376 466
3 376 737
3 376 959
3 379 786
3 381 478
3 381 907
3 382 817
3 386 843
3 388 390
3 389 932
3 391 42
3 392 71
3 393 130
3 394 530
3 395 82
3 395 129
3 395 723
3 398 538
3 399 189
3 400 313
3 402 365
3 403 345
3 404 206
3 404 764
3 406 59
3 406 464
3 407 497
3 410 98
3 410 154
3 410 341
3 412 726
3 415 427
3 416 234
3 416 685
3 419 810
3 420 743
3 422 936
3 425 617
3 426 699
3 427 362
3 428 250
3 428 471
3 432 188
3 433 302
3 433 724
3 434 269
3 435 451
3 436 845
3 436 944
3 437 685
3 438 746
3 440 591
3 441 150
3 441 758
3 444 342
3 444 392
3 445 682
3 445 884
3 446 671
3 447 112
3 447 172
3 447 910
3 448 171
3 450 554
3 450 876
3 452 504
3 452 732
3 454 917
3 456 629
3 456 988
3 458 838
3 458 908
3 460 396
3 461 32
3 461 811
3 462 242
3 462 259
3 463 578
3 464 722
3 465 96
3 465 118
3 467 1
3 468 746
3 473 70
3 473 296
3 475 679
3 476 972
3 477 809
3 477 959
3 478 946
3 479 689
3 479 946
3 481 920
3 482 295
3 483 107
3 483 747
3 484 261
3 485 81
3 491 526
3 493 883
3 495 693
3 497 567
3 498 736
3 498 855
3 499 243
3 499 510
3 501 549
3 504 451
3 504 904
3 505 256
3 507 285
3 507 438
3 507 845
3 508 401
3 509 43
3 509 214
3 511 461
3 511 562
3 511 684
3 514 955
3 516 238
3 516 426
3 516 988
3 517 388
3 518 896
3 519 1
3 523 413
3 524 42
3 524 569
3 524 673
3 525 88
3 525 543
3 526 461
3 526 563
3 526 760
3 527 221
3 528 740
3 531 55
3 531 859
3 534 488
3 535 142
3 535 814
3 536 220
3 536 671
3 540 250
3 540 263
3 540 907
3 541 344
3 544 417
3 547 190
3 548 664
3 550 7
3 550 252
3 550 741
3 552 903
3 553 218
3 553 390
3 554 925
3 557 188
3 558 100
3 563 581
3 564 775
3 565 408
3 567 464
3 568 162
3 569 283
3 570 192
3 570 810
3 573 736
3 573 779
3 574 122
3 574 251
3 575 697
3 580 802
3 581 27
3 581 483
3 581 618
3 581 626
3 582 96
3 582 393
3 583 97
3 583 797
3 584 772
3 587 636
3 588 371
3 588 720
3 589 250
3 589 623
3 590 209
3 590 523
3 590 748
3 591 721
3 592 122
3 593 6
3 593 603
3 593 730
3 593 858
3 594 265
3 595 852
3 596 22
3 597 913
3 599 527
3 602 299
3 604 333
3 605 541
3 608 211
3 611 491
3 612 45
3 612 118
3 612 866
3 613 319
3 615 24
3 615 280
3 615 678
3 616 844
3 617 373
3 618 357
3 618 930
3 619 202
3 620 600
3 621 405
3 621 914
3 623 129
3 625 188
3 626 58
3 626 694
3 628 760
3 629 657
3 632 945
3 633 95
3 634 495
3 634 556
3 635 535
3 635 749
3 636 350
3 636 479
3 636 920
3 636 992
3 637 671
3 637 786
3 639 96
3 639 509
3 639 702
3 640 437
3 640 594
3 641 76
3 641 183
3 641 544
3 642 104
3 643 516
3 643 721
3 645 754
3 646 175
3 646 249
3 646 466
3 646 774
3 646 977
3 648 312
3 651 744
3 654 136
3 654 444
3 654 671
3 655 52
3 656 237
3 658 170
3 658 823
3 659 546
3 659 663
3 660 312
3 661 423
3 661 700
3 661 775
3 662 794
3 663 123
3 663 939
3 664 64
3 664 216
3 664 616
3 665 810
3 665 890
3 665 963
3 666 125
3 666 826
3 667 284
3 667 401
3 667 499
3 668 19
3 668 780
3 668 895
3 669 892
3 670 591
3 671 418
3 672 85
3 672 563
3 676 181
3 678 227
3 680 199
3 680 423
3 681 173
3 682 96
3 682 790
3 683 108
3 683 500
3 684 669
3 688 86
3 689 752
3 689 889
3 690 913
3 691 61
3 691 84
3 692 501
3 693 273
3 693 955
3 696 714
3 697 245
3 698 393
3 700 841
3 701 267
3 701 277
3 701 425
3 701 559
3 704 16
3 704 981
3 705 844
3 705 961
3 707 681
3 709 99
3 709 104
3 709 461
3 709 619
3 709 780
3 710 44
3 710 421
3 711 368
3 714 826
3 716 276
3 716 829
3 718 91
3 718 677
3 719 925
3 722 443
3 723 565
3 724 311
3 725 523
3 725 652
3 725 723
3 725 941
3 727 517
3 728 325
3 730 638
3 730 976
3 731 4
3 731 530
3 732 155
3 732 217
3 732 245
3 732 534
3 735 112
3 738 993
3 739 827
3 740 861
3 741 29
3 741 441
3 742 15
3 742 132
3 742 518
3 747 554
3 750 867
3 751 939
3 753 754
3 754 151
3 755 795
3 756 794
3 758 863
3 761 632
3 761 831
3 762 552
3 765 881
3 766 205
3 767 29
3 767 202
3 768 226
3 768 409
3 770 521
3 772 258
3 773 431
3 774 427
3 776 175
3 776 835
3 778 715
3 779 13
3 780 863
3 781 19
3 781 771
3 784 56
3 784 541
3 785 38
3 785 827
3 786 894
3 788 224
3 788 550
3 789 747
3 789 816
3 790 208
3 790 584
3 790 741
3 793 14
3 796 325
3 799 233
3 799 425
3 801 326
3 804 128
3 804 730
3 805 975
3 806 505
3 807 47
3 807 488
3 808 35
3 809 130
3 812 171
3 812 439
3 812 883
3 813 192
3 813 274
3 815 353
3 815 826
3 817 913
3 817 982
3 818 67
3 818 347
3 819 399
3 819 517
3 819 855
3 821 306
3 822 156
3 823 665
3 825 228
3 825 946
3 827 25
3 827 67
3 827 758
3 827 936
3 828 210
3 828 234
3 828 711
3 830 103
3 831 260
3 832 599
3 835 867
3 836 572
3 838 228
3 838 761
3 839 148
3 839 373
3 839 583
3 840 392
3 841 791
3 842 127
3 844 212
3 846 481
3 846 511
3 848 187
3 849 81
3 849 132
3 850 131
3 850 502
3 850 715
3 853 920
3 854 292
3 854 836
3 856 361
3 856 712
3 857 546
3 857 883
3 858 846
3 859 67
3 859 78
3 861 592
3 862 283
3 863 138
3 863 655
3 863 833
3 864 348
3 864 387
3 865 908
3 872 618
3 873 203
3 873 239
3 874 878
3 875 193
3 880 215
3 880 399
3 882 55
3 882 986
3 885 24
3 885 133
3 886 485
3 886 811
3 887 530
3 887 736
3 888 786
3 889 355
3 889 584
3 889 652
3 890 21
3 890 38
3 890 704
3 893 149
3 893 801
3 894 651
3 897 125
3 897 457
3 900 894
3 902 629
3 902 981
3 904 104
3 905 182
3 905 199
3 905 257
3 906 283
3 907 201
3 908 814
3 908 990
3 910 226
3 911 137
3 912 619
3 912 884
3 913 723
3 914 118
3 914 234
3 915 584
3 919 584
3 920 537
3 923 775
3 924 717
3 924 767
3 924 768
3 924 780
3 928 391
3 928 750
3 929 346
3 929 531
3 930 517
3 932 433
3 932 518
3 934 761
3 936 263
3 936 354
3 937 793
3 938 387
3 939 54
3 939 895
3 940 597
3 942 688
3 944 382
3 945 157
3 946 198
3 947 427
3 947 994
3 948 30
3 948 735
3 950 60
3 950 342
3 951 636
3 955 351
3 955 434
3 955 676
3 958 200
3 958 674
3 958 841
3 959 541
3 960 833
3 961 569
3 964 376
3 964 435
3 965 222
3 966 50
3 966 421
3 966 986
3 967 950
3 969 988
3 970 257
3 972 858
3 973 95
3 975 987
3 976 127
3 976 361
3 977 856
3 979 586
3 981 253
3 982 8
3 982 17
3 982 257
3 984 78
3 984 389
3 985 262
3 986 886
3 987 143
3 989 615
3 991 389
3 992 726
3 992 731
3 993 459
3 993 676
3 994 392
3 995 334
3 995 376
3 998 518
3 999 570
4 4 282
4 5 858
4 6 985
4 7 200
4 7 475
4 9 824
4 11 145
4 11 459
4 13 649
4 15 168
4 15 328
4 17 826
4 18 262
4 21 453
4 23 578
4 24 887
4 26 763
4 30 704
4 32 312
4 34 5
4 35 981
4 36 772
4 38 551
4 39 969
4 41 622
4 41 931
4 46 603
4 47 183
4 48 727
4 48 757
4 49 288
4 50 146
4 50 268
4 52 817
4 54 67
4 55 178
4 56 884
4 59 21
4 59 747
4 61 580
4 64 69
4 64 508
4 65 58
4 65 311
4 65 869
4 66 382
4 67 491
4 70 766
4 73 250
4 73 399
4 73 680
4 73 960
4 74 545
4 75 36
4 75 658
4 78 757
4 80 638
4 82 255
4 83 884
4 86 138
4 86 395
4 88 922
4 88 975
4 89 220
4 90 324
4 91 401
4 91 998
4 95 984
4 97 163
4 97 885
4 99 555
4 101 29
4 102 883
4 103 760
4 104 635
4 106 66
4 107 547
4 108 993
4 109 251
4 110 203
4 111 702
4 114 187
4 115 796
4 115 859
4 116 307
4 116 565
4 117 750
4 118 232
4 118 339
4 119 377
4 120 683
4 121 377
4 122 745
4 122 844
4 123 703
4 125 927
4 126 965
4 127 517
4 127 909
4 128 254
4 130 77
4 131 668
4 131 912
4 132 279
4 132 514
4 132 615
4 132 677
4 133 331
4 133 383
4 134 596
4 135 58
4 136 362
4 137 432
4 137 715
4 137 737
4 139 91
4 139 405
4 139 517
4 140 362
4 140 473
4 140 634
4 141 483
4 142 894
4 145 304
4 145 454
4 146 866
4 147 326
4 147 863
4 149 554
4 150 622
4 150 633
4 151 66
4 151 820
4 158 240
4 158 371
4 160 876
4 161 527
4 162 34
4 163 393
4 163 773
4 164 9
4 164 808
4 165 785
4 165 821
4 167 154
4 167 466
4 168 271
4 169 215
4 170 199
4 171 428
4 173 357
4 173 937
4 175 79
4 177 459
4 179 232
4 180 858
4 183 199
4 183 747
4 184 557
4 185 765
4 186 339
4 187 695
4 188 329
4 190 991
4 192 410
4 192 839
4 193 364
4 195 947
4 197 57
4 197 600
4 198 923
4 198 934
4 199 427
4 201 50
4 201 774
4 202 394
4 203 142
4 204 623
4 207 262
4 207 428
4 208 94
4 209 17
4 209 904
4 210 323
4 211 772
4 213 629
4 214 394
4 216 645
4 223 78
4 223 360
4 223 881
4 223 955
4 226 693
4 228 324
4 229 89
4 230 186
4 231 261
4 232 680
4 232 773
4 233 89
4 235 109
4 235 454
4 237 60
4 239 961
4 241 74
4 243 606
4 244 146
4 245 106
4 248 520
4 250 663
4 253 113
4 254 165
4 254 317
4 255 34
4 255 505
4 256 171
4 256 412
4 256 839
4 257 135
4 259 969
4 260 341
4 260 554
4 262 358
4 263 6
4 263 58
4 263 218
4 263 520
4 265 763
4 265 936
4 267 117
4 270 12
4 272 880
4 273 426
4 274 128
4 274 982
4 275 29
4 275 75
4 275 837
4 276 43
4 276 784
4 277 156
4 277 164
4 279 642
4 279 952
4 280 344
4 281 583
4 282 74
4 283 372
4 285 838
4 287 828
4 289 337
4 290 68
4 290 632
4 290 834
4 291 62
4 291 926
4 291 962
4 292 216
4 293 4
4 294 396
4 295 376
4 295 991
4 296 347
4 296 373
4 296 435
4 296 699
4 297 549
4 299 201
4 299 509
4 300 10
4 301 348
4 303 411
4 303 846
4 305 676
4 306 430
4 306 979
4 309 274
4 309 973
4 310 54
4 311 457
4 311 914
4 313 30
4 314 137
4 317 804
4 318 265
4 318 462
4 318 470
4 320 824
4 322 971
4 323 503
4 323 652
4 324 408
4 324 794
4 324 876
4 326 934
4 328 109
4 330 294
4 330 934
4 332 316
4 333 110
4 333 875
4 334 351
4 334 894
4 335 394
4 335 715
4 336 119
4 336 510
4 336 884
4 337 845
4 338 709
4 339 598
4 340 343
4 340 583
4 341 859
4 341 906
4 343 18
4 343 408
4 344 32
4 345 915
4 346 229
4 347 354
4 347 774
4 347 862
4 350 108
4 352 315
4 353 816
4 354 286
4 354 339
4 355 88
4 355 748
4 356 314
4 357 613
4 357 856
4 358 375
4 359 554
4 359 813
4 360 349
4 362 651
4 364 579
4 366 384
4 366 481
4 368 578
4 369 440
4 369 992
4 370 390
4 370 437
4 374 52
4 374 231
4 374 555
4 375 575
4 376 298
4 377 442
4 379 816
4 381 165
4 383 426
4 384 530
4 384 888
4 385 808
4 386 76
4 386 352
4 386 971
4 388 192
4 390 188
4 390 266
4 390 479
4 390 975
4 391 59
4 391 598
4 395 118
4 399 649
4 401 448
4 401 786
4 401 840
4 401 882
4 403 892
4 404 426
4 404 994
4 405 80
4 405 419
4 405 556
4 406 280
4 407 326
4 407 755
4 408 427
4 409 157
4 409 290
4 409 673
4 410 666
4 411 160
4 411 279
4 411 992
4 413 549
4 414 457
4 414 969
4 415 70
4 415 291
4 416 986
4 417 613
4 417 842
4 418 63
4 418 189
4 420 585
4 420 693
4 420 842
4 422 577
4 425 2
4 425 802
4 426 497
4 428 520
4 428 808
4 429 194
4 429 969
4 430 82
4 430 330
4 430 925
4 431 121
4 433 314
4 435 573
4 437 430
4 439 685
4 439 715
4 440 655
4 443 35
4 443 389
4 443 408
4 444 131
4 444 149
4 444 354
4 445 214
4 446 312
4 446 949
4 447 338
4 447 604
4 447 844
4 449 461
4 451 342
4 452 393
4 452 532
4 452 973
4 456 500
4 456 568
4 456 795
4 457 486
4 457 716
4 459 426
4 459 567
4 464 659
4 464 896
4 465 860
4 467 828
4 468 600
4 469 350
4 469 571
4 469 773
4 469 936
4 469 960
4 470 680
4 471 48
4 471 223
4 471 605
4 472 195
4 474 677
4 475 426
4 475 598
4 477 629
4 478 205
4 478 282
4 481 173
4 481 944
4 483 840
4 483 851
4 483 885
4 486 998
4 487 50
4 491 109
4 491 806
4 492 714
4 492 814
4 493 169
4 495 744
4 495 995
4 496 360
4 496 895
4 497 134
4 497 564
4 497 962
4 497 984
4 499 336
4 500 122
4 500 790
4 503 39
4 503 82
4 503 780
4 504 62
4 504 86
4 504 379
4 507 101
4 508 600
4 509 866
4 512 508
4 514 141
4 514 301
4 514 338
4 516 205
4 518 556
4 518 697
4 519 989
4 520 535
4 521 26
4 521 416
4 522 912
4 522 981
4 523 452
4 524 442
4 524 736
4 528 163
4 528 836
4 528 925
4 529 549
4 529 811
4 529 957
4 530 74
4 531 12
4 532 571
4 533 393
4 533 781
4 533 817
4 535 129
4 537 783
4 538 136
4 539 269
4 540 360
4 540 527
4 540 572
4 542 256
4 542 694
4 543 606
4 543 868
4 544 309
4 545 489
4 546 785
4 547 358
4 548 549
4 549 965
4 550 508
4 550 653
4 550 862
4 551 706
4 551 832
4 552 760
4 555 771
4 556 902
4 557 124
4 557 264
4 560 841
4 561 61
4 561 184
4 561 553
4 567 264
4 567 372
4 568 756
4 569 489
4 570 973
4 573 801
4 576 63
4 579 764
4 579 947
4 580 16
4 580 299
4 580 626
4 586 238
4 586 447
4 586 579
4 586 866
4 588 56
4 588 119
4 590 898
4 591 371
4 592 114
4 593 456
4 593 614
4 594 900
4 595 709
4 596 174
4 598 163
4 599 740
4 600 926
4 601 468
4 602 234
4 602 925
4 604 261
4 605 11
4 605 196
4 607 665
4 608 436
4 608 988
4 609 508
4 609 590
4 610 344
4 611 475
4 611 550
4 612 749
4 612 846
4 613 319
4 614 394
4 614 504
4 614 709
4 615 710
4 615 789
4 616 420
4 616 961
4 618 694
4 620 345
4 621 137
4 621 253
4 621 418
4 623 762
4 624 147
4 626 22
4 627 121
4 627 538
4 629 336
4 629 709
4 629 712
4 630 415
4 631 22
4 632 139
4 632 345
4 632 801
4 635 342
4 635 856
4 636 955
4 638 691
4 641 467
4 642 318
4 643 102
4 646 97
4 646 399
4 649 949
4 651 370
4 651 928
4 652 805
4 654 498
4 655 92
4 655 338
4 658 383
4 659 203
4 660 59
4 662 362
4 662 788
4 662 806
4 663 426
4 663 609
4 664 55
4 666 71
4 666 967
4 671 731
4 671 815
4 671 822
4 672 320
4 673 105
4 673 400
4 673 812
4 674 526
4 675 74
4 676 127
4 676 266
4 677 95
4 677 190
4 677 500
4 677 598
4 677 844
4 678 252
4 681 196
4 684 524
4 686 84
4 686 742
4 688 818
4 690 9
4 691 985
4 692 405
4 692 486
4 693 138
4 695 107
4 695 335
4 695 913
4 697 508
4 698 899
4 699 242
4 699 1000
4 700 176
4 701 967
4 702 896
4 703 880
4 703 931
4 704 381
4 707 75
4 708 78
4 710 963
4 713 77
4 713 418
4 716 332
4 717 638
4 718 997
4 719 749
4 719 969
4 720 343
4 721 295
4 721 987
4 722 118
4 722 127
4 723 418
4 726 107
4 727 528
4 728 184
4 728 211
4 730 507
4 730 1000
4 732 181
4 733 115
4 734 283
4 740 106
4 740 141
4 740 798
4 741 522
4 741 667
4 741 807
4 743 84
4 743 232
4 743 600
4 744 3
4 744 389
4 744 991
4 745 373
4 745 639
4 745 732
4 745 970
4 746 550
4 747 626
4 748 249
4 748 696
4 748 757
4 750 32
4 750 739
4 751 507
4 752 312
4 752 922
4 753 777
4 755 814
4 757 583
4 757 977
4 760 299
4 760 985
4 761 109
4 762 115
4 765 338
4 765 375
4 765 981
4 766 400
4 767 312
4 767 773
4 770 512
4 770 635
4 770 701
4 771 379
4 771 509
4 773 303
4 774 694
4 775 272
4 775 452
4 776 995
4 777 318
4 777 501
4 777 884
4 779 29
4 782 46
4 782 364
4 783 282
4 783 306
4 786 857
4 787 239
4 787 241
4 787 424
4 788 2
4 790 53
4 790 712
4 791 757
4 793 344
4 797 120
4 797 492
4 798 105
4 798 199
4 800 965
4 801 805
4 802 597
4 803 561
4 803 865
4 804 178
4 804 701
4 805 468
4 805 649
4 807 182
4 807 588
4 807 756
4 808 310
4 808 787
4 809 608
4 809 638
4 811 795
4 812 587
4 813 630
4 814 254
4 814 274
4 815 153
4 817 3
4 818 162
4 819 892
4 821 657
4 822 173
4 823 520
4 824 234
4 824 297
4 825 69
4 827 187
4 828 966
4 829 45
4 829 79
4 829 803
4 830 132
4 834 727
4 834 812
4 836 511
4 836 892
4 838 533
4 839 201
4 840 935
4 841 330
4 841 544
4 841 793
4 842 530
4 844 457
4 846 247
4 847 275
4 848 307
4 849 326
4 851 97
4 852 389
4 852 834
4 853 388
4 853 497
4 855 340
4 856 242
4 857 446
4 859 277
4 860 611
4 860 866
4 861 386
4 861 932
4 865 798
4 866 632
4 866 743
4 867 800
4 869 4
4 869 391
4 871 25
4 872 254
4 874 293
4 874 740
4 875 456
4 876 191
4 877 64
4 878 555
4 880 294
4 880 484
4 881 631
4 883 397
4 883 480
4 885 405
4 885 825
4 885 996
4 886 46
4 886 646
4 888 364
4 889 505
4 889 623
4 890 870
4 892 820
4 893 370
4 894 20
4 896 918
4 898 402
4 898 870
4 901 775
4 901 898
4 902 706
4 903 588
4 907 206
4 907 498
4 909 588
4 910 437
4 910 948
4 910 998
4 912 74
4 912 495
4 912 621
4 914 51
4 914 593
4 916 422
4 916 486
4 918 354
4 918 585
4 919 82
4 921 408
4 921 600
4 923 531
4 924 550
4 925 362
4 925 610
4 926 259
4 929 70
4 930 22
4 930 320
4 930 486
4 932 18
4 933 645
4 934 484
4 935 984
4 936 159
4 936 577
4 938 318
4 939 273
4 940 56
4 942 502
4 945 190
4 945 279
4 945 280
4 945 548
4 945 627
4 945 656
4 948 130
4 951 247
4 953 992
4 954 37
4 956 79
4 957 503
4 957 656
4 959 742
4 960 297
4 961 705
4 962 699
4 963 740
4 964 427
4 964 580
4 967 748
4 968 297
4 968 707
4 969 544
4 970 847
4 971 723
4 972 941
4 974 409
4 974 517
4 976 763
4 977 342
4 977 510
4 977 572
4 977 580
4 978 120
4 978 123
4 978 363
4 978 669
4 979 538
4 979 711
4 980 123
4 981 531
4 982 678
4 984 714
4 985 372
4 987 564
4 988 108
4 989 267
4 989 740
4 991 53
4 991 57
4 993 34
4 993 38
4 995 534
4 996 673
4 996 810
4 997 270
4 998 843
5 3 310
5 4 300
5 4 812
5 6 54
5 6 570
5 7 697
5 8 913
5 9 625
5 10 994
5 11 523
5 13 937
5 14 510
5 14 781
5 15 670
5 15 978
5 17 161
5 17 633
5 17 909
5 18 708
5 19 338
5 20 833
5 21 26
5 22 39
5 22 307
5 22 346
5 23 84
5 25 617
5 26 880
5 31 215
5 31 307
5 31 648
5 33 721
5 34 200
5 34 376
5 35 428
5 35 724
5 37 168
5 37 441
5 37 778
5 40 579
5 40 890
5 41 675
5 42 412
5 43 1
5 43 130
5 43 878
5 44 457
5 44 919
5 44 994
5 45 24
5 45 158
5 46 875
5 47 198
5 48 566
5 49 864
5 50 450
5 51 936
5 52 823
5 52 924
5 53 861
5 55 718
5 55 895
5 59 279
5 59 485
5 62 526
5 63 321
5 63 397
5 64 89
5 65 331
5 66 628
5 66 770
5 66 941
5 67 620
5 68 231
5 68 320
5 70 379
5 70 916
5 70 1000
5 72 505
5 73 110
5 73 696
5 76 257
5 79 133
5 80 353
5 80 714
5 80 965
5 82 156
5 82 393
5 83 22
5 84 361
5 84 732
5 84 918
5 85 161
5 85 931
5 87 423
5 88 150
5 88 556
5 90 222
5 90 223
5 90 754
5 91 65
5 91 596
5 92 320
5 93 376
5 94 926
5 95 732
5 96 170
5 96 889
5 97 320
5 97 765
5 98 164
5 99 173
5 99 202
5 101 211
5 103 545
5 104 9
5 104 325
5 104 648
5 105 526
5 106 21
5 109 773
5 109 857
5 110 121
5 110 726
5 110 747
5 112 218
5 113 69
5 113 490
5 115 827
5 116 97
5 116 826
5 117 440
5 118 430
5 120 126
5 120 389
5 120 937
5 123 228
5 123 384
5 123 853
5 123 898
5 124 128
5 124 541
5 124 653
5 124 766
5 125 39
5 125 982
5 126 433
5 127 803
5 128 304
5 128 451
5 129 736
5 132 209
5 132 211
5 132 958
5 134 260
5 134 503
5 135 710
5 135 850
5 136 735
5 137 257
5 137 614
5 138 104
5 138 232
5 138 576
5 138 710
5 140 329
5 140 385
5 140 469
5 141 522
5 143 706
5 144 68
5 145 64
5 145 170
5 145 447
5 145 768
5 147 369
5 147 598
5 150 467
5 151 510
5 152 340
5 152 714
5 152 894
5 154 730
5 154 973
5 156 55
5 156 887
5 156 900
5 159 149
5 159 188
5 165 563
5 166 107
5 166 223
5 166 808
5 166 836
5 166 862
5 167 359
5 167 545
5 167 892
5 167 968
5 168 56
5 168 835
5 169 536
5 169 689
5 170 935
5 171 266
5 171 806
5 173 77
5 173 789
5 174 419
5 174 860
5 175 20
5 176 336
5 176 958
5 177 382
5 177 564
5 178 305
5 178 487
5 178 886
5 180 253
5 180 345
5 182 103
5 182 382
5 182 623
5 182 903
5 184 458
5 186 640
5 188 975
5 190 558
5 191 315
5 191 350
5 194 983
5 195 633
5 195 904
5 196 213
5 201 240
5 206 502
5 206 694
5 206 729
5 208 218
5 210 337
5 210 793
5 211 961
5 213 358
5 214 911
5 215 663
5 216 4
5 220 648
5 220 872
5 221 16
5 221 930
5 222 185
5 223 185
5 223 212
5 225 165
5 227 296
5 228 292
5 228 375
5 228 611
5 228 812
5 229 618
5 230 387
5 231 782
5 232 95
5 234 46
5 236 491
5 237 971
5 238 853
5 239 120
5 239 627
5 241 826
5 242 349
5 242 938
5 243 153
5 243 183
5 244 943
5 247 790
5 248 280
5 249 243
5 250 686
5 250 845
5 251 668
5 251 751
5 252 53
5 252 818
5 254 374
5 255 563
5 255 710
5 255 721
5 255 725
5 256 493
5 257 139
5 258 370
5 258 417
5 260 993
5 261 106
5 262 952
5 263 179
5 264 762
5 267 645
5 268 997
5 270 23
5 271 557
5 271 870
5 272 688
5 273 118
5 273 504
5 275 590
5 276 229
5 276 551
5 278 778
5 278 950
5 280 11
5 281 417
5 286 112
5 286 785
5 288 816
5 290 273
5 292 31
5 292 913
5 295 676
5 296 264
5 297 349
5 297 921
5 299 151
5 299 599
5 300 909
5 301 152
5 301 735
5 301 822
5 301 926
5 302 171
5 302 547
5 303 901
5 303 969
5 304 640
5 305 59
5 306 657
5 306 700
5 307 237
5 307 704
5 307 846
5 308 40
5 309 598
5 311 660
5 311 922
5 312 715
5 313 884
5 314 322
5 317 597
5 318 550
5 321 12
5 321 109
5 323 789
5 324 718
5 326 100
5 327 401
5 327 457
5 328 708
5 329 288
5 330 18
5 330 845
5 331 119
5 332 667
5 332 778
5 332 933
5 333 603
5 334 569
5 335 455
5 335 986
5 336 551
5 336 580
5 337 156
5 337 313
5 338 675
5 339 203
5 339 630
5 341 715
5 345 250
5 349 930
5 350 1000
5 351 377
5 351 424
5 352 299
5 353 72
5 355 907
5 357 181
5 359 243
5 359 896
5 360 541
5 361 490
5 365 628
5 365 823
5 366 335
5 366 597
5 369 242
5 369 353
5 369 997
5 370 95
5 370 360
5 371 657
5 372 845
5 373 745
5 373 876
5 374 282
5 375 284
5 376 460
5 376 914
5 377 218
5 378 761
5 379 926
5 383 29
5 383 199
5 383 248
5 385 192
5 385 689
5 386 158
5 387 919
5 388 140
5 388 655
5 389 620
5 390 521
5 392 629
5 393 75
5 393 503
5 394 908
5 395 377
5 395 459
5 396 55
5 397 223
5 397 722
5 398 33
5 398 694
5 398 844
5 401 522
5 404 612
5 406 355
5 406 874
5 407 69
5 407 87
5 407 302
5 408 188
5 409 599
5 409 789
5 410 238
5 410 388
5 411 401
5 411 492
5 412 225
5 412 275
5 412 977
5 413 333
5 413 582
5 414 449
5 414 459
5 415 498
5 417 761
5 417 803
5 419 38
5 420 100
5 420 578
5 420 677
5 421 901
5 421 904
5 421 969
5 423 938
5 425 591
5 427 127
5 427 858
5 428 230
5 429 533
5 429 887
5 430 12
5 432 363
5 432 958
5 433 819
5 434 648
5 435 200
5 437 223
5 437 503
5 438 195
5 440 345
5 441 74
5 441 588
5 442 209
5 443 830
5 444 120
5 446 393
5 446 588
5 446 835
5 446 963
5 448 96
5 448 828
5 448 846
5 449 185
5 450 924
5 451 831
5 452 669
5 454 969
5 455 414
5 456 77
5 456 415
5 457 281
5 457 302
5 458 2
5 458 180
5 458 374
5 459 654
5 461 444
5 461 661
5 461 998
5 465 162
5 468 211
5 468 564
5 468 856
5 469 295
5 469 334
5 470 809
5 471 3
5 471 227
5 472 910
5 473 906
5 476 465
5 477 553
5 477 664
5 477 743
5 478 992
5 481 181
5 481 479
5 482 112
5 482 980
5 483 615
5 484 357
5 485 691
5 486 953
5 487 378
5 487 603
5 490 239
5 492 536
5 493 45
5 494 150
5 494 560
5 495 148
5 496 564
5 498 450
5 499 391
5 500 506
5 501 335
5 502 312
5 502 785
5 503 231
5 503 293
5 507 403
5 508 511
5 508 681
5 509 207
5 509 943
5 510 758
5 510 824
5 511 419
5 511 501
5 511 657
5 511 737
5 511 908
5 512 747
5 515 16
5 515 169
5 516 566
5 517 281
5 518 528
5 518 745
5 519 663
5 520 176
5 522 497
5 523 311
5 525 313
5 525 698
5 527 15
5 527 841
5 529 26
5 529 49
5 530 717
5 531 360
5 532 673
5 533 247
5 535 39
5 536 368
5 537 393
5 537 433
5 539 619
5 540 55
5 542 783
5 543 116
5 543 503
5 545 210
5 546 576
5 546 808
5 549 17
5 553 227
5 555 523
5 557 187
5 557 448
5 558 345
5 560 328
5 561 731
5 562 252
5 562 512
5 563 157
5 564 192
5 566 473
5 566 976
5 568 266
5 569 12
5 570 533
5 571 237
5 571 301
5 572 328
5 573 439
5 574 399
5 574 714
5 574 998
5 576 771
5 577 106
5 577 255
5 579 593
5 580 473
5 580 573
5 581 768
5 582 883
5 584 870
5 586 66
5 586 881
5 587 221
5 591 912
5 592 27
5 592 28
5 592 195
5 593 15
5 593 184
5 593 374
5 594 312
5 595 1
5 595 834
5 596 181
5 596 364
5 597 905
5 599 816
5 602 219
5 602 940
5 605 170
5 605 218
5 605 883
5 608 28
5 609 829
5 610 598
5 610 966
5 611 54
5 612 662
5 612 785
5 618 86
5 618 834
5 619 134
5 620 441
5 620 710
5 621 32
5 621 341
5 621 716
5 621 901
5 622 85
5 622 949
5 623 157
5 623 673
5 624 397
5 624 481
5 626 465
5 630 399
5 633 826
5 635 522
5 637 129
5 638 593
5 638 607
5 639 865
5 640 241
5 640 772
5 641 122
5 641 123
5 642 999
5 646 743
5 647 52
5 647 73
5 648 439
5 649 323
5 650 758
5 651 41
5 654 294
5 654 408
5 655 485
5 655 807
5 656 163
5 656 386
5 656 764
5 657 852
5 659 480
5 659 1000
5 660 479
5 661 298
5 662 146
5 663 448
5 663 605
5 665 351
5 665 788
5 666 286
5 669 285
5 669 623
5 670 464
5 672 798
5 674 182
5 674 867
5 675 260
5 677 810
5 678 120
5 678 193
5 678 553
5 678 733
5 680 561
5 681 195
5 681 314
5 683 780
5 683 859
5 684 302
5 685 690
5 687 582
5 688 120
5 691 96
5 691 469
5 691 530
5 692 817
5 693 174
5 694 500
5 694 585
5 695 838
5 696 33
5 696 77
5 697 162
5 697 352
5 698 39
5 698 101
5 698 393
5 698 741
5 700 510
5 702 172
5 702 321
5 702 483
5 704 529
5 705 355
5 705 975
5 707 265
5 707 729
5 707 990
5 708 16
5 708 671
5 709 743
5 710 552
5 711 498
5 712 37
5 712 925
5 713 60
5 714 55
5 715 17
5 715 238
5 718 222
5 721 523
5 723 722
5 724 442
5 724 761
5 728 549
5 729 730
5 730 37
5 730 305
5 731 199
5 731 407
5 732 553
5 733 251
5 733 682
5 734 468
5 735 338
5 736 969
5 738 608
5 738 741
5 738 906
5 738 977
5 740 874
5 741 697
5 744 240
5 745 720
5 746 143
5 746 998
5 747 698
5 749 112
5 751 713
5 752 705
5 753 176
5 753 284
5 753 842
5 753 969
5 754 270
5 754 772
5 754 794
5 755 126
5 756 930
5 757 105
5 757 209
5 757 945
5 758 960
5 758 969
5 760 82
5 762 276
5 762 400
5 764 70
5 764 778
5 767 161
5 769 930
5 770 881
5 773 703
5 773 743
5 774 752
5 775 660
5 776 551
5 780 64
5 784 383
5 784 853
5 785 103
5 786 355
5 786 737
5 787 245
5 787 406
5 788 760
5 789 636
5 789 924
5 790 356
5 791 70
5 791 178
5 791 658
5 792 79
5 793 670
5 793 868
5 794 880
5 796 913
5 799 605
5 799 768
5 799 803
5 800 930
5 801 501
5 803 19
5 803 387
5 803 747
5 804 178
5 805 980
5 806 543
5 806 822
5 807 644
5 808 638
5 810 287
5 811 562
5 811 805
5 812 42
5 812 835
5 813 436
5 813 647
5 814 268
5 814 997
5 816 523
5 817 95
5 818 159
5 818 277
5 820 848
5 821 899
5 822 959
5 825 159
5 828 358
5 829 43
5 829 48
5 829 123
5 829 557
5 830 356
5 830 399
5 833 613
5 836 359
5 837 640
5 838 751
5 839 832
5 839 849
5 841 200
5 841 473
5 844 424
5 845 317
5 845 804
5 846 290
5 848 277
5 849 361
5 849 443
5 849 520
5 851 529
5 852 902
5 853 564
5 853 638
5 853 895
5 853 949
5 855 326
5 855 786
5 855 924
5 857 103
5 857 187
5 857 244
5 857 491
5 859 9
5 859 158
5 859 571
5 859 823
5 860 131
5 860 275
5 860 558
5 863 171
5 870 129
5 870 233
5 870 920
5 872 980
5 873 540
5 876 769
5 876 994
5 878 87
5 879 177
5 879 298
5 880 73
5 880 120
5 880 282
5 880 730
5 881 124
5 882 736
5 883 181
5 883 957
5 884 462
5 884 619
5 884 706
5 885 386
5 885 643
5 886 929
5 887 271
5 887 734
5 888 214
5 888 492
5 890 159
5 890 463
5 891 359
5 891 382
5 892 52
5 894 21
5 894 34
5 895 265
5 896 851
5 898 55
5 900 143
5 900 468
5 903 132
5 906 31
5 909 375
5 909 411
5 910 957
5 911 588
5 912 684
5 912 797
5 914 813
5 914 963
5 915 206
5 915 337
5 915 546
5 915 754
5 916 128
5 916 820
5 917 219
5 917 822
5 917 920
5 921 204
5 922 449
5 922 652
5 923 36
5 924 46
5 924 81
5 925 99
5 925 803
5 927 180
5 927 253
5 928 385
5 928 937
5 929 40
5 930 111
5 931 239
5 931 411
5 933 938
5 934 383
5 935 554
5 936 859
5 937 543
5 938 123
5 938 183
5 938 203
5 939 218
5 940 612
5 942 107
5 942 826
5 943 48
5 943 906
5 947 437
5 947 633
5 949 138
5 950 910
5 951 49
5 951 94
5 953 871
5 956 617
5 957 673
5 959 462
5 960 288
5 960 372
5 960 544
5 961 137
5 961 586
5 963 564
5 965 474
5 968 198
5 969 856
5 971 93
5 972 950
5 974 49
5 979 938
5 980 431
5 980 886
5 982 213
5 982 662
5 983 531
5 983 718
5 984 343
5 985 341
5 985 687
5 986 311
5 986 663
5 987 776
5 987 838
5 989 128
5 989 706
5 991 531
5 992 356
5 994 589
5 995 234
5 996 729
5 998 709
6 1 735
6 1 797
6 4 317
6 6 323
6 6 579
6 8 256
6 9 271
6 10 707
6 11 911
6 12 227
6 12 634
6 14 356
6 15 46
6 15 105
6 16 277
6 16 774
6 16 958
6 17 846
6 17 973
6 18 752
6 19 213
6 19 768
6 20 543
6 21 380
6 21 722
6 25 542
6 25 667
6 26 487
6 30 985
6 31 641
6 32 68
6 32 292
6 33 829
6 39 746
6 40 287
6 40 425
6 42 990
6 43 31
6 43 118
6 43 395
6 43 470
6 44 798
6 45 838
6 45 964
6 46 807
6 47 34
6 48 868
6 50 83
6 51 539
6 51 674
6 52 386
6 53 812
6 53 837
6 54 364
6 56 622
6 57 177
6 61 748
6 61 790
6 62 209
6 63 221
6 63 391
6 65 488
6 66 194
6 66 494
6 66 919
6 67 484
6 68 750
6 70 272
6 70 792
6 71 399
6 73 22
6 73 599
6 74 651
6 76 718
6 79 639
6 81 469
6 83 393
6 83 873
6 85 43
6 86 932
6 87 123
6 90 461
6 90 588
6 91 18
6 92 110
6 94 120
6 94 248
6 96 996
6 98 973
6 100 61
6 100 169
6 100 469
6 100 932
6 101 272
6 106 610
6 106 670
6 107 16
6 108 652
6 110 204
6 110 545
6 110 687
6 111 577
6 111 742
6 112 61
6 113 2
6 113 84
6 114 310
6 116 222
6 116 501
6 117 675
6 117 924
6 117 983
6 118 633
6 118 702
6 119 474
6 120 635
6 121 293
6 121 354
6 121 892
6 122 22
6 122 574
6 124 265
6 124 506
6 124 877
6 127 511
6 129 409
6 129 457
6 130 507
6 130 793
6 131 35
6 132 661
6 134 187
6 135 117
6 135 441
6 136 110
6 137 886
6 138 323
6 138 843
6 139 83
6 140 11
6 140 355
6 140 913
6 142 211
6 142 925
6 143 97
6 144 289
6 144 883
6 145 128
6 147 145
6 147 391
6 147 994
6 148 551
6 149 648
6 150 977
6 152 195
6 153 103
6 154 901
6 155 264
6 155 357
6 158 7
6 158 208
6 158 389
6 159 14
6 161 455
6 161 632
6 162 283
6 162 407
6 163 94
6 166 179
6 168 523
6 168 986
6 169 135
6 169 723
6 171 681
6 172 611
6 172 986
6 176 735
6 177 134
6 177 516
6 178 326
6 179 489
6 183 33
6 184 88
6 184 739
6 188 912
6 189 984
6 192 322
6 193 488
6 194 403
6 197 204
6 198 119
6 199 236
6 200 510
6 201 589
6 201 842
6 203 599
6 203 746
6 204 668
6 207 820
6 209 30
6 210 53
6 212 626
6 212 789
6 213 352
6 213 496
6 216 218
6 216 408
6 216 441
6 216 601
6 218 178
6 220 420
6 221 468
6 222 465
6 222 469
6 223 274
6 223 966
6 224 665
6 225 136
6 226 474
6 227 973
6 229 52
6 229 523
6 229 773
6 233 51
6 234 439
6 235 3
6 238 275
6 239 741
6 240 37
6 240 768
6 240 772
6 243 586
6 243 1000
6 246 399
6 247 737
6 249 224
6 249 796
6 250 56
6 251 737
6 252 443
6 253 610
6 253 916
6 255 300
6 255 749
6 257 295
6 258 173
6 259 423
6 261 145
6 261 982
6 265 546
6 266 655
6 267 533
6 268 86
6 269 399
6 272 178
6 274 35
6 275 917
6 276 791
6 278 741
6 279 10
6 280 111
6 283 320
6 283 993
6 285 651
6 285 683
6 286 746
6 287 316
6 287 413
6 287 484
6 288 59
6 288 911
6 289 554
6 292 157
6 292 170
6 292 716
6 292 774
6 293 657
6 293 983
6 296 565
6 297 741
6 298 870
6 299 221
6 300 640
6 300 896
6 302 125
6 304 433
6 306 113
6 310 151
6 311 404
6 311 997
6 313 954
6 314 240
6 315 916
6 317 284
6 318 364
6 318 472
6 318 508
6 319 728
6 320 566
6 322 296
6 324 402
6 325 194
6 325 694
6 326 125
6 326 447
6 326 800
6 327 510
6 328 413
6 328 591
6 328 766
6 329 979
6 330 195
6 330 443
6 330 455
6 331 75
6 332 681
6 333 200
6 333 228
6 333 608
6 333 718
6 333 748
6 335 708
6 336 29
6 337 261
6 340 94
6 340 352
6 341 541
6 341 610
6 347 842
6 348 229
6 348 342
6 349 631
6 350 478
6 355 82
6 355 793
6 358 352
6 358 548
6 360 473
6 361 135
6 361 946
6 362 271
6 362 520
6 362 615
6 363 270
6 364 462
6 366 14
6 366 758
6 367 302
6 367 762
6 370 107
6 370 197
6 371 595
6 371 890
6 372 686
6 373 572
6 373 877
6 376 804
6 376 824
6 377 156
6 377 303
6 377 467
6 378 41
6 379 314
6 379 883
6 380 425
6 382 320
6 383 254
6 384 210
6 384 732
6 385 120
6 385 654
6 385 848
6 394 184
6 394 893
6 395 87
6 395 322
6 396 808
6 398 138
6 399 482
6 400 600
6 401 850
6 403 522
6 404 125
6 404 649
6 406 900
6 407 224
6 407 230
6 407 320
6 408 436
6 409 290
6 411 135
6 411 394
6 412 218
6 412 601
6 413 452
6 417 272
6 423 4
6 423 615
6 424 337
6 424 920
6 425 700
6 427 592
6 428 148
6 428 641
6 430 179
6 430 669
6 431 823
6 432 348
6 434 535
6 437 328
6 439 139
6 440 769
6 441 477
6 441 926
6 443 369
6 444 831
6 445 57
6 445 105
6 445 692
6 446 502
6 448 75
6 449 548
6 450 238
6 450 523
6 450 768
6 451 568
6 451 905
6 452 932
6 455 211
6 455 400
6 455 729
6 457 200
6 460 43
6 460 480
6 462 717
6 463 335
6 463 503
6 466 120
6 466 858
6 467 157
6 471 342
6 472 192
6 473 308
6 474 867
6 475 559
6 475 640
6 476 907
6 480 12
6 481 60
6 481 72
6 481 592
6 481 646
6 482 986
6 484 433
6 485 724
6 486 631
6 487 485
6 489 514
6 490 176
6 490 833
6 491 170
6 496 753
6 497 84
6 497 803
6 498 717
6 501 46
6 501 458
6 501 594
6 505 289
6 505 402
6 506 179
6 506 206
6 506 601
6 506 614
6 506 679
6 507 665
6 509 129
6 510 696
6 513 926
6 517 266
6 518 375
6 518 496
6 519 872
6 521 73
6 521 295
6 521 678
6 521 895
6 522 446
6 524 11
6 525 758
6 525 783
6 526 125
6 526 761
6 529 639
6 530 418
6 530 468
6 531 122
6 531 978
6 532 777
6 533 807
6 534 340
6 534 347
6 536 103
6 536 463
6 538 313
6 540 521
6 540 620
6 542 84
6 544 809
6 545 265
6 546 813
6 548 964
6 549 805
6 551 453
6 552 613
6 553 627
6 555 400
6 556 668
6 558 552
6 558 719
6 560 800
6 562 215
6 562 740
6 562 990
6 564 96
6 564 659
6 565 84
6 565 274
6 565 886
6 568 240
6 568 321
6 568 860
6 569 964
6 570 280
6 570 377
6 574 169
6 574 535
6 574 818
6 576 668
6 577 878
6 579 627
6 579 783
6 580 621
6 581 341
6 582 973
6 586 507
6 586 650
6 589 18
6 589 28
6 589 351
6 589 466
6 589 960
6 591 457
6 592 481
6 592 916
6 593 842
6 598 508
6 600 884
6 601 788
6 601 994
6 602 734
6 603 58
6 603 164
6 603 184
6 603 982
6 604 843
6 606 107
6 606 540
6 606 924
6 607 875
6 608 26
6 608 463
6 610 881
6 611 603
6 615 292
6 615 903
6 616 815
6 619 632
6 621 78
6 622 454
6 622 723
6 623 251
6 623 294
6 625 187
6 626 965
6 628 235
6 630 69
6 636 408
6 636 807
6 636 971
6 637 325
6 637 665
6 638 365
6 638 764
6 640 344
6 641 906
6 642 155
6 643 89
6 643 954
6 644 169
6 644 921
6 645 102
6 645 243
6 645 780
6 646 467
6 647 13
6 647 482
6 647 687
6 648 283
6 649 171
6 650 144
6 650 337
6 651 73
6 651 849
6 651 903
6 651 944
6 652 183
6 654 32
6 655 753
6 657 377
6 659 226
6 659 452
6 659 591
6 661 394
6 663 862
6 664 42
6 665 803
6 666 876
6 667 339
6 669 685
6 672 366
6 673 342
6 673 685
6 674 847
6 675 705
6 677 518
6 677 691
6 679 630
6 680 674
6 683 474
6 684 169
6 684 172
6 685 258
6 685 985
6 687 9
6 687 64
6 687 709
6 687 952
6 688 290
6 688 293
6 690 522
6 690 524
6 693 130
6 693 402
6 693 466
6 693 948
6 696 209
6 696 361
6 698 396
6 698 426
6 701 581
6 702 113
6 703 384
6 704 783
6 707 38
6 707 454
6 709 286
6 710 234
6 711 94
6 712 757
6 713 464
6 714 958
6 715 105
6 715 342
6 717 376
6 717 604
6 719 750
6 720 495
6 720 541
6 721 229
6 725 569
6 725 692
6 726 824
6 727 610
6 728 846
6 729 566
6 729 770
6 730 386
6 730 594
6 733 488
6 733 503
6 734 405
6 735 266
6 738 975
6 739 71
6 739 539
6 739 743
6 740 302
6 741 946
6 743 413
6 744 116
6 746 212
6 748 493
6 749 827
6 750 178
6 750 208
6 750 233
6 753 168
6 755 41
6 755 121
6 755 126
6 755 256
6 755 873
6 756 6
6 757 394
6 758 782
6 759 681
6 760 124
6 761 558
6 764 444
6 765 2
6 768 1
6 769 136
6 769 406
6 772 571
6 773 331
6 773 732
6 773 986
6 774 112
6 775 112
6 775 660
6 776 792
6 777 220
6 777 270
6 777 923
6 779 400
6 779 835
6 782 347
6 784 557
6 784 843
6 785 351
6 785 681
6 785 730
6 788 299
6 789 669
6 791 731
6 792 376
6 793 281
6 794 361
6 794 372
6 797 920
6 798 418
6 800 535
6 801 389
6 801 618
6 803 403
6 803 493
6 803 769
6 804 671
6 806 302
6 806 863
6 808 101
6 809 18
6 809 421
6 809 787
6 810 118
6 811 123
6 812 354
6 813 811
6 813 990
6 815 406
6 815 941
6 816 654
6 817 605
6 818 145
6 819 472
6 819 775
6 821 621
6 824 606
6 825 201
6 825 692
6 825 944
6 826 100
6 826 789
6 827 506
6 828 612
6 828 964
6 829 79
6 829 513
6 830 742
6 832 434
6 832 979
6 833 349
6 834 879
6 835 760
6 835 834
6 836 862
6 837 322
6 838 541
6 840 844
6 841 378
6 841 725
6 842 344
6 844 968
6 848 133
6 848 594
6 849 53
6 850 426
6 850 514
6 851 396
6 851 401
6 851 875
6 854 237
6 855 518
6 856 428
6 857 550
6 858 397
6 859 656
6 862 133
6 864 249
6 865 206
6 866 676
6 870 758
6 871 35
6 872 13
6 872 262
6 872 975
6 873 717
6 875 910
6 877 221
6 878 490
6 879 911
6 881 109
6 881 735
6 883 95
6 883 780
6 885 440
6 890 383
6 890 523
6 891 51
6 893 320
6 895 872
6 897 621
6 898 720
6 899 509
6 903 837
6 903 848
6 903 907
6 905 198
6 908 894
6 909 913
6 910 241
6 910 618
6 911 987
6 912 832
6 913 761
6 914 74
6 914 499
6 914 911
6 915 506
6 916 215
6 917 9
6 917 314
6 917 973
6 918 128
6 919 219
6 920 184
6 924 666
6 925 103
6 925 527
6 926 267
6 926 800
6 927 139
6 927 408
6 927 697
6 927 983
6 929 561
6 930 390
6 931 945
6 932 355
6 933 194
6 935 217
6 935 402
6 937 176
6 937 850
6 938 216
6 939 289
6 939 400
6 939 919
6 940 574
6 940 940
6 941 77
6 941 110
6 941 510
6 941 949
6 942 205
6 942 624
6 942 693
6 942 863
6 942 893
6 942 910
6 943 348
6 943 950
6 944 724
6 947 88
6 947 560
6 949 144
6 949 327
6 949 837
6 950 691
6 950 836
6 952 233
6 952 779
6 954 445
6 956 942
6 958 566
6 958 732
6 959 94
6 959 685
6 960 55
6 962 427
6 964 186
6 965 377
6 965 918
6 969 324
6 971 280
6 971 889
6 972 674
6 972 953
6 973 751
6 974 396
6 974 667
6 977 927
6 977 951
6 978 640
6 978 736
6 978 855
6 980 556
6 981 21
6 982 230
6 985 338
6 985 997
6 986 277
6 987 332
6 987 802
6 989 243
6 989 688
6 992 56
6 992 792
6 994 899
6 995 55
