6 1000 1000
1 2 222
1 2 324
1 3 951
1 4 328
1 4 693
1 5 11
1 5 516
1 5 849
1 6 74
1 7 38
1 7 306
1 7 414
1 8 526
1 9 761
1 9 906
1 10 382
1 10 853
1 11 12
1 12 683
1 13 621
1 13 976
1 15 522
1 17 665
1 17 975
1 20 698
1 22 353
1 22 589
1 23 226
1 23 632
1 24 281
1 24 553
1 25 433
1 25 584
1 25 818
1 26 582
1 28 185
1 28 302
1 29 424
1 29 497
1 29 737
1 30 499
1 33 450
1 34 98
1 34 454
1 34 532
1 35 645
1 35 793
1 35 840
1 37 185
1 37 428
1 37 689
1 39 291
1 40 65
1 40 817
1 41 40
1 41 276
1 41 665
1 42 221
1 42 262
1 43 706
1 44 304
1 44 533
1 45 644
1 48 370
1 49 429
1 49 689
1 50 816
1 50 970
1 53 700
1 54 884
1 56 577
1 57 276
1 58 384
1 60 126
1 60 470
1 60 551
1 62 915
1 66 226
1 67 951
1 69 708
1 70 435
1 73 245
1 75 390
1 76 415
1 77 148
1 78 457
1 78 972
1 79 210
1 79 551
1 80 83
1 80 377
1 80 467
1 81 71
1 83 830
1 85 261
1 86 408
1 87 165
1 87 998
1 88 161
1 88 595
1 88 801
1 88 993
1 89 280
1 90 8
1 90 350
1 91 385
1 93 500
1 97 949
1 99 638
1 100 309
1 101 193
1 101 440
1 101 755
1 102 119
1 103 158
1 105 103
1 105 833
1 106 358
1 107 128
1 108 628
1 109 592
1 110 47
1 113 840
1 116 139
1 116 331
1 118 132
1 123 631
1 124 865
1 127 789
1 128 43
1 128 356
1 128 749
1 128 889
1 129 13
1 129 278
1 129 325
1 129 762
1 134 141
1 135 717
1 135 927
1 136 46
1 136 205
1 136 968
1 136 972
1 137 451
1 137 481
1 139 608
1 139 666
1 139 705
1 139 941
1 140 823
1 140 983
1 141 633
1 142 798
1 146 816
1 147 747
1 148 188
1 148 873
1 150 474
1 150 698
1 151 30
1 153 445
1 155 116
1 155 602
1 157 18
1 157 963
1 158 191
1 160 35
1 160 425
1 161 262
1 163 216
1 163 319
1 164 703
1 165 586
1 168 902
1 169 163
1 169 965
1 171 286
1 171 605
1 173 336
1 173 989
1 176 978
1 177 771
1 178 344
1 178 621
1 181 37
1 182 160
1 183 263
1 184 183
1 184 894
1 189 174
1 189 209
1 189 648
1 191 108
1 191 754
1 191 823
1 193 43
1 193 54
1 193 488
1 193 681
1 193 903
1 195 443
1 197 67
1 198 966
1 199 148
1 200 543
1 201 167
1 202 47
1 204 617
1 207 707
1 208 386
1 210 408
1 212 72
1 212 494
1 213 124
1 213 671
1 214 196
1 215 871
1 216 886
1 216 909
1 217 197
1 218 97
1 219 365
1 219 753
1 222 89
1 224 56
1 224 511
1 225 113
1 227 569
1 228 219
1 229 507
1 230 190
1 230 823
1 231 181
1 232 814
1 233 984
1 235 57
1 235 638
1 236 121
1 236 535
1 237 142
1 239 184
1 240 941
1 241 737
1 243 998
1 245 273
1 245 575
1 246 17
1 246 38
1 246 90
1 246 804
1 247 118
1 248 577
1 253 97
1 253 452
1 254 176
1 254 766
1 256 245
1 257 632
1 258 813
1 262 164
1 262 688
1 268 181
1 269 651
1 269 733
1 269 839
1 270 139
1 272 367
1 272 400
1 272 482
1 272 839
1 274 203
1 274 265
1 275 367
1 275 832
1 277 445
1 277 720
1 277 940
1 278 137
1 280 325
1 280 577
1 280 608
1 280 793
1 280 944
1 281 798
1 282 812
1 283 589
1 284 609
1 286 896
1 286 986
1 287 76
1 292 391
1 293 774
1 294 126
1 294 774
1 295 727
1 296 902
1 300 595
1 301 298
1 301 411
1 301 968
1 301 970
1 302 587
1 303 424
1 303 775
1 304 206
1 304 938
1 306 974
1 308 551
1 308 850
1 309 58
1 310 17
1 311 845
1 312 464
1 312 928
1 314 265
1 314 680
1 314 868
1 315 164
1 317 677
1 318 170
1 318 258
1 318 399
1 318 903
1 319 120
1 319 316
1 320 235
1 321 415
1 321 1000
1 322 520
1 326 440
1 329 428
1 330 309
1 330 474
1 331 977
1 332 740
1 336 647
1 336 673
1 338 880
1 340 244
1 341 184
1 342 220
1 342 235
1 342 500
1 342 654
1 343 417
1 346 756
1 348 192
1 348 602
1 350 347
1 350 492
1 350 933
1 351 370
1 351 709
1 352 485
1 354 93
1 355 414
1 356 294
1 358 227
1 358 994
1 368 582
1 369 272
1 371 72
1 371 351
1 373 174
1 373 910
1 376 326
1 377 470
1 380 339
1 380 399
1 380 499
1 381 412
1 381 420
1 381 476
1 382 74
1 384 65
1 384 548
1 384 765
1 384 878
1 386 771
1 387 665
1 389 659
1 390 955
1 391 794
1 391 853
1 392 279
1 392 575
1 395 879
1 396 990
1 397 95
1 397 709
1 399 591
1 400 772
1 401 481
1 401 497
1 401 636
1 401 967
1 402 225
1 402 530
1 404 887
1 406 248
1 406 649
1 408 119
1 408 371
1 410 737
1 412 174
1 412 446
1 413 840
1 414 152
1 416 490
1 416 800
1 419 16
1 419 196
1 419 311
1 420 49
1 423 50
1 423 199
1 425 944
1 427 193
1 427 311
1 427 321
1 427 513
1 428 537
1 429 483
1 429 934
1 431 283
1 433 552
1 434 429
1 434 580
1 435 142
1 435 337
1 435 983
1 436 731
1 437 371
1 437 843
1 438 515
1 439 265
1 440 358
1 441 264
1 441 295
1 442 119
1 442 925
1 442 937
1 444 903
1 447 724
1 448 129
1 448 902
1 449 992
1 450 838
1 451 892
1 451 954
1 453 73
1 453 459
1 453 560
1 455 481
1 457 13
1 457 514
1 459 757
1 461 573
1 461 936
1 462 398
1 462 889
1 463 11
1 463 499
1 464 393
1 464 899
1 466 521
1 468 77
1 468 175
1 469 824
1 470 621
1 473 900
1 477 308
1 477 677
1 479 168
1 479 648
1 479 985
1 480 110
1 482 585
1 482 601
1 482 759
1 482 913
1 483 274
1 485 470
1 485 564
1 485 973
1 488 526
1 490 889
1 490 963
1 491 822
1 494 324
1 494 643
1 498 424
1 499 936
1 500 552
1 501 219
1 502 785
1 504 92
1 505 447
1 505 873
1 506 591
1 507 91
1 507 896
1 507 907
1 510 548
1 511 670
1 511 978
1 512 447
1 513 66
1 513 860
1 514 278
1 514 460
1 514 979
1 516 104
1 517 274
1 517 375
1 517 765
1 518 811
1 519 160
1 519 756
1 522 246
1 522 576
1 523 56
1 524 803
1 525 778
1 527 328
1 529 265
1 530 258
1 532 208
1 532 982
1 533 163
1 534 343
1 535 605
1 536 98
1 536 639
1 537 205
1 540 568
1 541 637
1 542 590
1 544 244
1 544 728
1 545 845
1 546 83
1 546 309
1 546 943
1 548 232
1 548 625
1 549 325
1 549 615
1 550 224
1 550 922
1 552 53
1 553 127
1 553 182
1 554 156
1 555 892
1 557 589
1 557 680
1 558 79
1 558 533
1 560 110
1 561 165
1 562 727
1 562 744
1 562 891
1 563 324
1 564 18
1 564 503
1 564 762
1 565 263
1 565 990
1 569 403
1 569 752
1 570 10
1 571 352
1 572 59
1 573 138
1 573 248
1 573 820
1 576 219
1 576 244
1 576 354
1 576 973
1 578 294
1 578 597
1 579 124
1 580 608
1 581 142
1 582 342
1 589 516
1 589 628
1 590 31
1 590 512
1 591 19
1 591 146
1 592 220
1 594 812
1 594 815
1 594 859
1 596 191
1 596 811
1 597 173
1 597 224
1 597 527
1 599 743
1 600 218
1 601 219
1 603 410
1 603 863
1 604 371
1 605 323
1 607 52
1 607 189
1 607 365
1 607 730
1 608 67
1 608 801
1 609 829
1 613 367
1 615 457
1 615 749
1 615 938
1 617 323
1 619 954
1 620 82
1 623 268
1 624 400
1 626 671
1 627 827
1 629 854
1 630 175
1 631 92
1 632 412
1 632 629
1 632 660
1 635 232
1 636 278
1 636 478
1 636 860
1 637 9
1 637 645
1 639 85
1 640 504
1 641 957
1 642 409
1 643 437
1 644 479
1 644 512
1 645 330
1 646 901
1 647 484
1 648 694
1 650 300
1 651 365
1 653 994
1 655 186
1 656 730
1 657 461
1 657 726
1 659 943
1 659 965
1 661 207
1 661 752
1 662 207
1 668 895
1 669 769
1 671 752
1 672 231
1 672 962
1 676 53
1 676 269
1 676 372
1 677 145
1 677 685
1 683 527
1 685 73
1 685 297
1 685 525
1 688 143
1 690 773
1 691 775
1 692 901
1 692 921
1 693 553
1 694 723
1 694 980
1 696 563
1 696 940
1 697 118
1 697 149
1 699 312
1 700 733
1 701 972
1 702 531
1 702 562
1 703 867
1 705 313
1 705 833
1 706 884
1 708 105
1 708 239
1 710 143
1 710 898
1 711 498
1 711 753
1 712 30
1 712 745
1 713 36
1 714 59
1 714 603
1 716 713
1 716 764
1 718 848
1 719 199
1 720 37
1 720 210
1 723 184
1 723 641
1 725 90
1 726 657
1 727 364
1 728 932
1 730 169
1 731 153
1 733 26
1 733 400
1 734 700
1 734 730
1 734 788
1 734 975
1 736 264
1 736 478
1 736 609
1 736 927
1 738 332
1 739 805
1 740 624
1 741 314
1 743 992
1 746 311
1 747 266
1 748 583
1 748 861
1 749 237
1 750 933
1 750 954
1 751 315
1 751 497
1 752 56
1 754 846
1 755 64
1 757 32
1 757 279
1 758 826
1 760 186
1 760 886
1 761 121
1 762 481
1 764 381
1 764 595
1 765 220
1 765 707
1 765 917
1 766 715
1 767 290
1 769 857
1 770 435
1 771 329
1 771 688
1 772 288
1 773 195
1 773 347
1 776 206
1 776 479
1 776 686
1 776 757
1 778 832
1 778 972
1 779 49
1 779 278
1 781 429
1 782 682
1 786 583
1 786 592
1 786 791
1 788 44
1 789 583
1 792 923
1 794 954
1 795 989
1 798 377
1 799 45
1 800 219
1 800 798
1 802 827
1 803 321
1 804 78
1 804 100
1 804 774
1 807 674
1 808 242
1 808 973
1 811 300
1 813 84
1 813 658
1 814 251
1 815 753
1 816 125
1 818 333
1 818 521
1 821 77
1 821 240
1 823 127
1 824 552
1 825 718
1 825 886
1 828 48
1 828 452
1 829 535
1 829 773
1 831 891
1 832 953
1 834 364
1 836 22
1 836 723
1 839 530
1 839 798
1 839 922
1 840 655
1 841 388
1 842 396
1 843 364
1 843 555
1 844 936
1 845 4
1 847 170
1 847 549
1 848 272
1 848 661
1 849 313
1 849 357
1 851 761
1 852 186
1 852 516
1 852 781
1 855 835
1 856 126
1 856 866
1 857 104
1 857 407
1 858 296
1 860 911
1 862 151
1 862 254
1 862 732
1 862 792
1 865 903
1 865 926
1 866 336
1 866 598
1 867 860
1 868 310
1 868 716
1 868 860
1 868 861
1 872 520
1 873 384
1 873 531
1 874 153
1 874 768
1 876 44
1 876 725
1 879 304
1 879 380
1 879 817
1 880 604
1 880 619
1 880 841
1 881 637
1 883 294
1 884 973
1 885 230
1 886 160
1 886 627
1 886 948
1 887 735
1 888 207
1 889 467
1 889 727
1 890 811
1 891 8
1 891 516
1 892 116
1 895 343
1 895 553
1 896 583
1 896 852
1 897 538
1 898 504
1 903 157
1 903 989
1 904 347
1 905 104
1 905 182
1 906 77
1 906 351
1 907 649
1 908 592
1 908 996
1 909 88
1 909 402
1 909 678
1 909 710
1 909 731
1 910 901
1 911 970
1 912 375
1 912 800
1 914 242
1 915 473
1 916 344
1 917 884
1 918 932
1 919 756
1 920 309
1 920 483
1 920 976
1 921 37
1 923 61
1 928 79
1 928 926
1 930 652
1 931 363
1 931 970
1 932 759
1 933 370
1 933 999
1 935 302
1 935 353
1 938 595
1 939 310
1 939 362
1 944 632
1 944 855
1 945 428
1 945 787
1 946 716
1 949 369
1 950 426
1 952 754
1 953 593
1 953 656
1 953 819
1 954 70
1 954 389
1 955 89
1 955 622
1 957 716
1 958 192
1 958 351
1 958 403
1 962 891
1 963 194
1 963 286
1 965 650
1 965 781
1 965 947
1 966 47
1 966 359
1 969 811
1 972 174
1 972 985
1 973 128
1 976 435
1 979 157
1 979 896
1 980 86
1 980 302
1 980 497
1 982 219
1 983 127
1 983 181
1 983 428
1 983 746
1 985 329
1 985 628
1 987 224
1 987 875
1 989 453
1 993 429
1 993 799
1 994 553
1 994 562
1 994 656
1 995 507
1 996 311
1 996 791
1 997 611
1 999 90
2 1 146
2 2 795
2 2 839
2 3 168
2 3 330
2 3 688
2 4 538
2 4 752
2 5 571
2 6 769
2 6 936
2 6 968
2 7 40
2 7 678
2 9 916
2 10 862
2 10 880
2 11 963
2 13 722
2 16 49
2 17 654
2 17 915
2 18 625
2 20 413
2 21 824
2 22 759
2 23 408
2 27 836
2 27 890
2 28 416
2 29 162
2 30 615
2 31 592
2 33 43
2 34 138
2 35 388
2 37 133
2 37 844
2 38 873
2 39 140
2 39 859
2 40 939
2 41 995
2 42 88
2 42 686
2 43 227
2 43 228
2 43 769
2 43 852
2 44 815
2 45 373
2 48 899
2 49 239
2 49 293
2 49 374
2 49 461
2 50 632
2 52 79
2 53 756
2 54 42
2 55 24
2 55 225
2 55 494
2 56 102
2 58 43
2 58 45
2 58 350
2 59 545
2 59 871
2 60 890
2 63 600
2 64 603
2 64 678
2 64 698
2 66 145
2 68 771
2 70 592
2 71 164
2 72 335
2 72 872
2 74 804
2 75 579
2 76 99
2 78 714
2 79 309
2 80 655
2 81 378
2 81 521
2 81 779
2 82 59
2 82 832
2 86 781
2 87 659
2 87 750
2 88 768
2 89 759
2 90 755
2 93 16
2 94 656
2 98 198
2 99 259
2 100 251
2 102 86
2 102 222
2 104 164
2 105 502
2 106 289
2 106 476
2 106 528
2 107 178
2 108 87
2 108 833
2 108 841
2 109 63
2 109 77
2 109 246
2 110 43
2 111 400
2 112 67
2 112 458
2 112 855
2 114 513
2 115 807
2 116 922
2 117 424
2 117 880
2 118 459
2 120 754
2 120 807
2 120 887
2 122 67
2 122 368
2 123 146
2 125 614
2 126 553
2 127 290
2 127 972
2 128 373
2 128 705
2 130 910
2 131 588
2 132 361
2 134 59
2 137 417
2 137 452
2 139 375
2 139 975
2 140 211
2 140 775
2 142 587
2 144 483
2 144 561
2 144 868
2 148 115
2 148 291
2 148 466
2 148 575
2 152 944
2 153 933
2 154 706
2 154 975
2 155 899
2 156 55
2 156 228
2 157 543
2 159 867
2 161 573
2 161 595
2 163 168
2 164 229
2 164 478
2 166 232
2 168 440
2 168 608
2 168 699
2 169 478
2 170 126
2 170 241
2 175 680
2 175 828
2 176 16
2 176 274
2 177 269
2 177 626
2 178 592
2 178 974
2 181 693
2 182 557
2 183 574
2 185 675
2 185 744
2 187 157
2 188 898
2 189 152
2 189 719
2 189 789
2 190 7
2 192 165
2 193 87
2 195 860
2 198 623
2 200 968
2 204 885
2 205 469
2 205 988
2 206 73
2 207 409
2 208 362
2 208 476
2 208 808
2 211 411
2 212 496
2 213 514
2 214 165
2 216 288
2 219 521
2 222 660
2 223 302
2 223 596
2 224 617
2 225 67
2 225 97
2 225 157
2 225 790
2 225 933
2 226 136
2 228 75
2 229 986
2 230 380
2 231 98
2 232 145
2 232 561
2 234 419
2 237 215
2 238 626
2 239 652
2 240 269
2 240 640
2 240 808
2 242 251
2 244 418
2 246 397
2 249 48
2 249 392
2 249 523
2 250 641
2 250 683
2 250 996
2 251 844
2 252 841
2 254 838
2 255 390
2 256 143
2 257 46
2 257 743
2 257 806
2 258 83
2 258 332
2 258 413
2 259 257
2 259 388
2 259 491
2 259 726
2 260 293
2 260 605
2 263 547
2 264 438
2 264 937
2 265 217
2 265 370
2 266 440
2 266 596
2 267 291
2 270 280
2 271 183
2 272 132
2 272 267
2 272 269
2 275 646
2 276 910
2 277 149
2 278 986
2 280 105
2 281 3
2 281 725
2 281 897
2 283 46
2 284 380
2 285 58
2 285 417
2 288 515
2 289 14
2 290 477
2 291 29
2 291 399
2 292 30
2 293 599
2 294 587
2 295 401
2 297 396
2 297 960
2 299 518
2 302 5
2 302 492
2 303 382
2 307 133
2 307 352
2 308 598
2 309 694
2 309 833
2 310 474
2 313 432
2 313 819
2 315 239
2 315 720
2 316 907
2 317 951
2 319 802
2 319 843
2 321 357
2 321 978
2 322 365
2 325 142
2 325 842
2 325 946
2 326 211
2 326 481
2 326 640
2 327 773
2 327 787
2 328 237
2 328 982
2 329 202
2 329 736
2 329 745
2 332 987
2 334 267
2 334 509
2 335 269
2 336 256
2 336 725
2 336 747
2 338 246
2 338 506
2 339 477
2 340 689
2 341 548
2 341 590
2 346 406
2 347 736
2 348 113
2 350 71
2 350 145
2 350 899
2 350 903
2 352 163
2 352 205
2 353 230
2 353 518
2 353 959
2 354 176
2 354 434
2 354 511
2 355 136
2 355 401
2 356 433
2 357 728
2 359 51
2 359 965
2 359 994
2 361 870
2 364 168
2 364 710
2 368 810
2 370 38
2 370 75
2 371 497
2 371 789
2 371 875
2 373 817
2 373 829
2 376 226
2 377 78
2 377 341
2 378 569
2 379 721
2 380 348
2 380 581
2 384 353
2 386 906
2 387 826
2 388 85
2 388 101
2 388 364
2 388 531
2 390 688
2 390 703
2 391 534
2 394 613
2 394 844
2 395 516
2 396 386
2 396 646
2 397 160
2 397 421
2 399 656
2 403 431
2 405 549
2 405 923
2 406 953
2 407 621
2 408 11
2 408 332
2 412 439
2 414 723
2 416 135
2 417 681
2 418 334
2 418 600
2 418 662
2 419 711
2 420 228
2 421 408
2 422 19
2 422 191
2 423 72
2 425 603
2 426 412
2 426 423
2 433 683
2 434 919
2 436 316
2 437 723
2 437 740
2 439 746
2 442 957
2 443 621
2 444 394
2 444 957
2 445 41
2 445 111
2 445 250
2 446 108
2 448 486
2 449 538
2 451 213
2 451 578
2 453 102
2 453 609
2 453 978
2 454 100
2 454 549
2 456 127
2 457 142
2 457 180
2 458 571
2 458 744
2 462 565
2 463 65
2 465 237
2 466 278
2 469 514
2 470 288
2 471 314
2 471 532
2 471 747
2 472 460
2 472 978
2 473 977
2 474 75
2 476 320
2 477 337
2 477 838
2 478 77
2 478 700
2 481 392
2 482 908
2 484 613
2 485 690
2 486 272
2 487 712
2 487 773
2 490 185
2 490 764
2 491 347
2 491 513
2 491 651
2 496 255
2 497 852
2 498 171
2 498 650
2 500 679
2 501 298
2 501 600
2 502 489
2 502 767
2 503 173
2 504 946
2 505 565
2 505 766
2 507 306
2 507 968
2 508 296
2 508 847
2 509 536
2 509 782
2 510 352
2 510 710
2 511 654
2 513 666
2 514 456
2 516 423
2 517 100
2 517 275
2 518 886
2 519 868
2 520 172
2 520 841
2 521 545
2 522 37
2 530 129
2 530 960
2 531 132
2 531 531
2 532 62
2 533 631
2 534 356
2 534 575
2 537 30
2 538 656
2 538 863
2 541 331
2 541 562
2 541 845
2 546 61
2 546 832
2 547 240
2 548 819
2 548 990
2 553 268
2 558 225
2 558 668
2 560 604
2 565 398
2 566 350
2 567 104
2 568 349
2 568 563
2 568 825
2 569 145
2 570 706
2 571 587
2 572 458
2 572 946
2 573 594
2 573 933
2 575 274
2 578 868
2 579 443
2 579 658
2 580 960
2 581 96
2 582 21
2 582 558
2 583 189
2 584 715
2 585 799
2 586 39
2 586 178
2 586 201
2 586 397
2 586 957
2 587 89
2 587 869
2 588 530
2 592 909
2 594 568
2 595 100
2 596 20
2 600 235
2 600 423
2 601 184
2 601 363
2 603 924
2 605 113
2 607 1000
2 608 202
2 608 301
2 609 887
2 612 693
2 613 173
2 613 626
2 614 201
2 614 776
2 615 94
2 615 563
2 617 270
2 617 956
2 620 45
2 621 815
2 622 967
2 623 69
2 625 82
2 626 73
2 626 350
2 629 496
2 629 594
2 630 744
2 632 287
2 632 719
2 634 899
2 635 643
2 635 773
2 635 898
2 636 149
2 638 845
2 639 79
2 639 852
2 642 656
2 643 508
2 645 223
2 649 98
2 653 891
2 655 280
2 656 836
2 659 715
2 661 935
2 662 28
2 664 136
2 664 291
2 665 160
2 665 515
2 666 623
2 666 683
2 666 826
2 667 227
2 668 262
2 668 654
2 670 180
2 670 541
2 671 359
2 672 939
2 674 159
2 675 517
2 676 709
2 678 79
2 680 723
2 680 736
2 680 965
2 681 264
2 681 796
2 682 605
2 684 490
2 684 540
2 684 815
2 685 15
2 688 317
2 688 749
2 688 815
2 689 294
2 690 685
2 691 35
2 691 412
2 694 834
2 695 46
2 695 916
2 696 199
2 696 617
2 703 953
2 705 568
2 706 653
2 708 211
2 708 308
2 709 111
2 709 685
2 709 794
2 710 293
2 711 530
2 714 239
2 715 256
2 715 720
2 716 577
2 716 655
2 716 829
2 717 336
2 718 862
2 720 516
2 721 201
2 721 911
2 721 935
2 723 386
2 723 966
2 724 345
2 724 815
2 725 29
2 725 662
2 725 997
2 726 370
2 727 687
2 728 864
2 729 680
2 732 518
2 733 923
2 735 215
2 735 220
2 736 122
2 737 614
2 737 705
2 738 74
2 738 187
2 738 266
2 739 176
2 740 23
2 741 625
2 741 819
2 741 956
2 742 50
2 742 665
2 745 526
2 745 832
2 746 447
2 748 652
2 748 946
2 753 93
2 755 331
2 759 310
2 759 618
2 760 734
2 760 1000
2 761 894
2 762 861
2 763 185
2 764 490
2 765 276
2 768 400
2 768 403
2 769 718
2 769 812
2 770 196
2 771 376
2 771 409
2 773 749
2 776 74
2 778 768
2 781 723
2 781 885
2 783 175
2 783 654
2 783 865
2 784 992
2 787 40
2 787 420
2 790 102
2 792 825
2 793 16
2 794 956
2 795 832
2 797 63
2 798 489
2 799 68
2 799 819
2 801 185
2 801 658
2 803 823
2 803 911
2 804 240
2 805 913
2 806 105
2 806 979
2 807 48
2 810 204
2 810 371
2 811 81
2 813 342
2 814 279
2 814 816
2 814 828
2 816 90
2 816 314
2 820 59
2 820 189
2 822 66
2 822 316
2 822 532
2 822 697
2 823 849
2 825 803
2 827 558
2 827 805
2 828 671
2 829 98
2 829 989
2 830 547
2 831 72
2 832 394
2 832 616
2 833 353
2 833 844
2 835 462
2 835 652
2 836 679
2 837 327
2 837 839
2 838 618
2 839 359
2 839 865
2 840 636
2 842 705
2 844 777
2 847 660
2 848 1
2 848 711
2 850 525
2 850 848
2 851 95
2 852 597
2 853 609
2 853 651
2 853 983
2 854 556
2 855 66
2 855 113
2 855 928
2 857 362
2 857 419
2 857 841
2 857 888
2 858 558
2 858 879
2 859 339
2 860 53
2 861 449
2 862 156
2 865 174
2 871 701
2 872 428
2 872 712
2 873 335
2 875 737
2 880 554
2 881 268
2 883 45
2 883 757
2 883 820
2 884 766
2 886 241
2 887 708
2 889 721
2 890 509
2 891 233
2 892 221
2 892 496
2 892 864
2 893 313
2 893 572
2 893 903
2 894 869
2 896 125
2 898 583
2 898 852
2 900 251
2 900 669
2 900 968
2 902 732
2 903 756
2 904 426
2 904 542
2 905 233
2 905 424
2 907 10
2 907 648
2 912 227
2 912 958
2 913 894
2 914 196
2 914 383
2 915 539
2 916 977
2 917 937
2 918 101
2 920 676
2 920 908
2 921 275
2 922 398
2 923 446
2 924 18
2 924 397
2 925 738
2 927 177
2 927 428
2 930 48
2 933 1
2 937 696
2 938 832
2 939 619
2 940 584
2 941 712
2 945 3
2 945 550
2 947 276
2 948 579
2 951 38
2 951 633
2 953 547
2 953 931
2 954 133
2 954 487
2 954 721
2 955 178
2 955 656
2 956 567
2 958 641
2 958 848
2 960 447
2 960 644
2 960 874
2 961 473
2 963 429
2 963 967
2 964 23
2 964 446
2 964 649
2 964 827
2 965 185
2 965 929
2 967 64
2 968 57
2 969 739
2 970 66
2 970 262
2 970 589
2 970 667
2 970 774
2 970 811
2 972 596
2 973 973
2 975 181
2 976 17
2 979 168
2 980 187
2 980 247
2 980 298
2 980 971
2 982 475
2 983 504
2 984 986
2 985 722
2 986 924
2 987 3
2 987 115
2 988 429
2 988 731
2 989 574
2 990 144
2 990 367
2 990 547
2 990 829
2 994 87
2 994 753
2 997 724
2 998 967
3 1 83
3 1 438
3 3 560
3 3 689
3 3 869
3 4 934
3 5 955
3 9 23
3 9 522
3 9 647
3 9 714
3 10 774
3 14 551
3 14 568
3 14 841
3 15 773
3 16 260
3 17 384
3 18 204
3 19 917
3 20 631
3 22 357
3 22 515
3 23 864
3 24 21
3 24 412
3 28 312
3 29 593
3 29 658
3 31 818
3 33 354
3 33 356
3 33 383
3 33 566
3 33 846
3 35 467
3 36 495
3 36 823
3 37 305
3 38 895
3 39 557
3 39 785
3 40 122
3 40 546
3 40 762
3 41 310
3 42 340
3 42 778
3 44 11
3 44 319
3 45 641
3 46 861
3 48 196
3 50 206
3 50 450
3 51 145
3 52 829
3 53 44
3 54 324
3 57 17
3 57 641
3 57 797
3 57 926
3 61 303
3 62 926
3 63 718
3 64 658
3 65 716
3 66 804
3 68 183
3 68 187
3 68 286
3 70 76
3 73 56
3 74 122
3 76 105
3 76 660
3 78 4
3 79 269
3 80 166
3 80 450
3 80 939
3 80 993
3 82 629
3 82 901
3 83 60
3 84 506
3 85 208
3 85 337
3 86 770
3 87 895
3 88 593
3 90 138
3 90 944
3 91 160
3 91 430
3 91 565
3 92 630
3 94 423
3 94 654
3 95 172
3 95 434
3 96 571
3 98 934
3 100 989
3 101 38
3 101 558
3 102 253
3 104 217
3 104 842
3 108 623
3 109 388
3 110 438
3 110 585
3 112 90
3 112 847
3 114 128
3 114 338
3 119 241
3 121 518
3 122 649
3 123 868
3 124 579
3 124 788
3 125 46
3 126 773
3 127 756
3 128 262
3 128 616
3 130 376
3 130 422
3 131 556
3 132 45
3 132 475
3 133 909
3 137 968
3 138 723
3 138 809
3 139 236
3 140 588
3 142 221
3 142 282
3 143 560
3 144 313
3 144 725
3 148 890
3 149 148
3 150 137
3 150 143
3 150 799
3 151 650
3 152 148
3 153 984
3 154 140
3 156 153
3 158 89
3 159 541
3 159 884
3 161 11
3 162 895
3 163 305
3 164 157
3 166 439
3 166 886
3 167 623
3 168 474
3 168 549
3 170 699
3 170 931
3 170 989
3 173 664
3 175 645
3 176 51
3 176 181
3 179 144
3 179 866
3 180 653
3 182 264
3 184 226
3 186 85
3 186 646
3 189 956
3 190 424
3 190 911
3 190 947
3 195 336
3 195 523
3 195 883
3 200 839
3 200 840
3 201 272
3 202 102
3 202 466
3 202 744
3 206 82
3 207 251
3 208 526
3 210 426
3 210 436
3 211 354
3 214 191
3 216 289
3 216 626
3 217 883
3 219 28
3 219 250
3 219 728
3 222 420
3 226 267
3 226 281
3 226 754
3 227 623
3 227 730
3 230 160
3 230 665
3 231 402
3 231 771
3 232 44
3 235 756
3 239 115
3 239 633
3 239 769
3 239 887
3 240 67
3 240 855
3 243 570
3 243 823
3 244 328
3 244 936
3 248 767
3 249 459
3 250 344
3 251 472
3 252 579
3 252 837
3 252 933
3 253 594
3 254 406
3 254 457
3 255 556
3 255 588
3 256 409
3 256 608
3 256 611
3 256 678
3 257 315
3 257 400
3 257 803
3 258 634
3 259 509
3 260 318
3 260 868
3 261 241
3 262 783
3 264 206
3 266 23
3 266 82
3 266 290
3 266 618
3 267 587
3 267 602
3 267 671
3 268 348
3 269 76
3 270 368
3 271 76
3 271 223
3 271 953
3 271 978
3 272 783
3 274 116
3 274 353
3 274 744
3 275 209
3 275 304
3 275 678
3 276 21
3 276 382
3 278 602
3 279 222
3 280 141
3 280 322
3 283 438
3 284 464
3 284 700
3 285 909
3 285 934
3 286 207
3 290 283
3 291 697
3 292 913
3 294 604
3 297 791
3 297 911
3 298 368
3 300 622
3 301 900
3 302 610
3 303 433
3 303 448
3 304 87
3 304 281
3 305 215
3 305 242
3 305 796
3 306 171
3 307 316
3 307 873
3 308 688
3 310 610
3 313 96
3 313 131
3 314 390
3 315 131
3 315 923
3 316 331
3 316 996
3 317 641
3 318 462
3 319 197
3 319 893
3 321 500
3 322 588
3 322 614
3 323 503
3 325 940
3 326 633
3 328 134
3 328 919
3 328 969
3 331 237
3 332 711
3 332 851
3 333 26
3 333 928
3 334 164
3 334 495
3 336 508
3 336 544
3 338 309
3 345 419
3 345 446
3 346 755
3 346 903
3 347 892
3 348 5
3 349 23
3 349 242
3 349 576
3 350 72
3 350 739
3 353 799
3 353 970
3 354 899
3 354 921
3 356 59
3 357 85
3 358 771
3 359 771
3 362 106
3 362 916
3 363 527
3 364 160
3 365 965
3 366 197
3 366 605
3 368 430
3 368 633
3 368 663
3 369 786
3 371 38
3 371 72
3 371 767
3 372 421
3 374 136
3 374 214
3 374 565
3 375 303
3 376 107
3 377 931
3 379 756
3 380 158
3 381 558
3 382 666
3 389 902
3 391 102
3 391 248
3 392 206
3 393 247
3 395 934
3 397 290
3 397 914
3 400 65
3 401 205
3 402 159
3 402 424
3 406 446
3 407 347
3 407 432
3 408 448
3 408 919
3 409 682
3 410 460
3 410 901
3 411 68
3 411 333
3 412 153
3 413 739
3 413 895
3 414 399
3 418 326
3 419 182
3 420 559
3 423 198
3 423 581
3 425 96
3 425 385
3 425 862
3 427 866
3 428 732
3 428 782
3 429 22
3 430 441
3 430 994
3 432 560
3 432 887
3 433 942
3 434 967
3 435 884
3 436 168
3 436 352
3 438 763
3 440 808
3 441 654
3 442 284
3 442 793
3 442 812
3 444 590
3 445 511
3 445 863
3 446 818
3 447 377
3 447 975
3 448 791
3 448 910
3 449 942
3 450 37
3 451 118
3 451 123
3 451 247
3 451 586
3 452 145
3 454 296
3 454 396
3 454 528
3 454 843
3 454 899
3 454 944
3 457 1
3 458 593
3 460 988
3 461 712
3 463 534
3 463 730
3 464 241
3 464 486
3 464 799
3 466 29
3 468 344
3 468 524
3 468 839
3 469 763
3 470 312
3 471 601
3 472 456
3 473 986
3 474 892
3 475 150
3 475 203
3 475 399
3 477 450
3 477 953
3 478 602
3 481 216
3 482 72
3 482 185
3 482 914
3 484 771
3 485 711
3 486 136
3 487 532
3 488 978
3 489 967
3 490 94
3 490 652
3 490 964
3 491 192
3 491 924
3 492 362
3 493 236
3 494 776
3 494 945
3 496 984
3 498 714
3 499 401
3 500 214
3 500 474
3 500 690
3 502 163
3 502 215
3 503 69
3 503 605
3 505 418
3 506 718
3 506 965
3 507 754
3 508 888
3 509 815
3 512 39
3 512 127
3 514 381
3 515 200
3 517 849
3 518 932
3 519 345
3 519 495
3 521 665
3 521 682
3 522 83
3 522 728
3 522 825
3 525 401
3 527 257
3 527 715
3 528 639
3 528 902
3 532 216
3 532 720
3 534 249
3 536 542
3 538 6
3 538 435
3 538 731
3 543 15
3 545 399
3 545 710
3 546 76
3 547 520
3 547 859
3 547 930
3 548 285
3 548 871
3 550 292
3 555 70
3 556 96
3 557 193
3 560 581
3 561 658
3 561 878
3 562 114
3 562 459
3 563 35
3 563 341
3 563 386
3 563 951
3 566 576
3 567 709
3 568 402
3 568 892
3 569 705
3 569 886
3 572 639
3 573 485
3 574 125
3 576 49
3 576 957
3 578 64
3 578 626
3 578 717
3 578 863
3 579 175
3 579 208
3 582 698
3 583 861
3 584 126
3 584 370
3 585 423
3 585 829
3 585 906
3 586 593
3 586 626
3 587 100
3 587 369
3 588 972
3 589 30
3 589 797
3 590 883
3 592 475
3 593 228
3 593 439
3 593 878
3 596 48
3 597 401
3 598 331
3 599 373
3 600 48
3 601 147
3 602 76
3 603 286
3 603 813
3 604 593
3 604 851
3 605 187
3 606 358
3 606 706
3 606 780
3 606 906
3 607 173
3 610 34
3 610 98
3 610 628
3 612 192
3 612 470
3 613 826
3 614 145
3 614 378
3 616 585
3 617 874
3 617 963
3 618 371
3 618 721
3 619 232
3 621 529
3 621 797
3 621 849
3 622 57
3 622 646
3 623 730
3 623 820
3 624 58
3 628 559
3 630 885
3 630 980
3 632 471
3 632 530
3 632 543
3 632 768
3 633 625
3 634 921
3 635 426
3 636 367
3 637 573
3 637 908
3 639 341
3 640 939
3 643 491
3 646 157
3 647 866
3 649 569
3 650 54
3 650 250
3 651 69
3 651 374
3 652 27
3 652 882
3 653 383
3 653 816
3 654 346
3 657 688
3 658 126
3 658 393
3 659 866
3 661 521
3 664 598
3 665 997
3 666 20
3 666 162
3 666 179
3 668 77
3 669 168
3 669 687
3 671 230
3 672 356
3 672 542
3 672 554
3 672 695
3 672 835
3 673 638
3 675 410
3 676 777
3 676 826
3 677 269
3 677 965
3 680 824
3 681 368
3 682 543
3 684 294
3 685 893
3 686 49
3 686 103
3 686 534
3 688 938
3 689 142
3 689 158
3 689 219
3 691 479
3 692 403
3 693 223
3 694 855
3 694 928
3 695 775
3 696 722
3 698 120
3 698 331
3 698 796
3 698 997
3 699 408
3 700 418
3 700 983
3 701 413
3 701 656
3 702 146
3 703 17
3 703 343
3 703 458
3 705 156
3 706 179
3 706 255
3 706 440
3 706 572
3 706 920
3 707 485
3 709 139
3 709 565
3 709 908
3 710 652
3 711 78
3 712 115
3 713 781
3 714 764
3 715 425
3 716 17
3 719 431
3 720 487
3 720 537
3 721 374
3 723 13
3 723 15
3 723 223
3 726 514
3 726 841
3 726 897
3 727 178
3 727 460
3 727 461
3 727 583
3 727 927
3 728 733
3 729 284
3 729 475
3 729 632
3 730 475
3 731 297
3 731 401
3 733 390
3 735 361
3 735 681
3 735 714
3 735 785
3 736 138
3 737 88
3 737 515
3 737 566
3 738 693
3 739 208
3 740 277
3 741 341
3 742 910
3 743 997
3 746 763
3 748 432
3 748 538
3 748 623
3 749 810
3 750 880
3 751 458
3 751 840
3 752 358
3 754 391
3 755 41
3 756 541
3 758 142
3 758 347
3 759 679
3 760 347
3 760 774
3 761 658
3 761 796
3 761 949
3 763 260
3 765 306
3 765 410
3 765 902
3 766 773
3 766 790
3 766 961
3 768 47
3 769 292
3 770 97
3 772 836
3 773 343
3 774 176
3 775 483
3 777 220
3 779 969
3 781 69
3 781 308
3 781 310
3 781 401
3 782 160
3 783 361
3 785 491
3 787 499
3 787 515
3 788 199
3 789 116
3 789 942
3 790 85
3 790 962
3 791 952
3 793 559
3 794 505
3 794 586
3 797 119
3 798 429
3 798 855
3 800 190
3 803 98
3 803 146
3 806 103
3 809 895
3 810 251
3 810 369
3 810 557
3 810 619
3 813 649
3 813 798
3 814 170
3 815 141
3 815 949
3 820 52
3 820 437
3 820 697
3 823 14
3 823 176
3 824 525
3 825 167
3 826 209
3 828 574
3 829 474
3 829 491
3 832 972
3 833 296
3 833 697
3 834 297
3 835 667
3 836 610
3 838 85
3 838 750
3 838 997
3 839 802
3 843 316
3 845 639
3 846 427
3 847 70
3 847 314
3 848 664
3 849 271
3 849 409
3 849 720
3 850 628
3 851 409
3 851 472
3 856 96
3 856 301
3 856 986
3 857 110
3 858 203
3 858 242
3 859 309
3 860 355
3 860 609
3 861 428
3 863 366
3 863 635
3 863 954
3 866 777
3 867 517
3 868 523
3 869 533
3 869 567
3 871 629
3 871 660
3 872 223
3 872 369
3 872 683
3 873 227
3 876 671
3 877 61
3 877 731
3 878 805
3 878 995
3 879 349
3 881 75
3 882 28
3 883 706
3 884 440
3 884 675
3 884 691
3 885 299
3 886 529
3 888 667
3 889 13
3 889 683
3 890 821
3 890 853
3 891 38
3 891 796
3 891 826
3 891 897
3 893 285
3 894 111
3 894 496
3 895 106
3 895 751
3 898 436
3 899 521
3 902 606
3 902 896
3 908 146
3 910 101
3 910 149
3 911 614
3 912 8
3 912 21
3 912 163
3 914 882
3 917 130
3 921 93
3 921 567
3 922 86
3 922 540
3 924 159
3 925 609
3 925 863
3 926 848
3 928 136
3 928 919
3 929 758
3 930 89
3 930 596
3 931 286
3 931 538
3 932 681
3 933 216
3 934 638
3 934 677
3 935 382
3 935 604
3 935 652
3 936 569
3 937 799
3 939 688
3 941 599
3 942 491
3 944 98
3 944 783
3 945 367
3 945 474
3 947 951
3 952 903
3 953 314
3 953 404
3 954 566
3 954 568
3 954 706
3 955 884
3 956 8
3 956 36
3 956 990
3 957 635
3 957 831
3 958 869
3 960 584
3 961 557
3 962 355
3 962 617
3 963 54
3 963 264
3 963 669
3 964 995
3 966 351
3 967 321
3 969 355
3 969 372
3 969 916
3 970 819
3 971 807
3 972 267
3 973 259
3 975 515
3 977 821
3 978 746
3 980 915
3 981 235
3 981 659
3 982 61
3 983 318
3 985 165
3 985 466
3 985 930
3 986 27
3 986 351
3 987 593
3 988 46
3 988 477
3 989 310
3 989 484
3 990 158
3 991 600
3 991 658
3 992 118
3 992 349
3 995 908
3 995 950
3 996 398
3 999 817
4 1 659
4 2 667
4 6 658
4 8 575
4 8 579
4 8 616
4 9 114
4 12 376
4 12 970
4 14 558
4 14 635
4 15 499
4 16 831
4 17 528
4 18 686
4 19 325
4 19 962
4 21 311
4 21 666
4 22 74
4 22 305
4 22 513
4 23 505
4 24 374
4 24 452
4 26 193
4 28 70
4 28 210
4 28 330
4 28 597
4 29 107
4 29 584
4 30 654
4 30 723
4 30 864
4 32 64
4 32 952
4 33 370
4 33 852
4 34 485
4 35 926
4 37 350
4 38 185
4 38 889
4 39 547
4 39 689
4 39 820
4 39 970
4 40 91
4 41 863
4 42 888
4 43 462
4 43 687
4 44 118
4 44 876
4 46 702
4 48 766
4 50 450
4 51 352
4 51 530
4 53 161
4 53 661
4 54 93
4 54 736
4 55 344
4 56 878
4 57 273
4 57 667
4 59 116
4 60 186
4 61 355
4 63 956
4 64 987
4 65 511
4 68 224
4 68 527
4 69 292
4 70 694
4 71 805
4 73 16
4 74 57
4 75 535
4 75 862
4 77 127
4 80 107
4 82 206
4 83 334
4 83 804
4 86 468
4 88 818
4 88 956
4 89 642
4 89 657
4 90 931
4 91 569
4 94 610
4 95 822
4 97 797
4 99 695
4 100 559
4 100 788
4 101 873
4 102 126
4 104 628
4 104 773
4 105 109
4 105 923
4 106 747
4 108 331
4 109 380
4 109 859
4 110 160
4 110 485
4 110 809
4 111 155
4 112 300
4 115 7
4 115 28
4 115 355
4 116 829
4 118 277
4 119 765
4 121 624
4 121 691
4 122 777
4 122 882
4 124 388
4 125 109
4 126 542
4 127 279
4 127 876
4 130 701
4 131 490
4 133 714
4 135 844
4 136 936
4 137 112
4 141 715
4 142 399
4 143 397
4 143 552
4 143 572
4 143 622
4 147 347
4 148 456
4 149 541
4 150 100
4 150 875
4 151 908
4 152 649
4 152 768
4 154 422
4 156 33
4 157 533
4 159 39
4 159 604
4 162 8
4 162 614
4 163 247
4 164 630
4 164 716
4 164 890
4 166 55
4 166 101
4 166 459
4 166 526
4 167 598
4 168 414
4 168 439
4 171 641
4 171 793
4 172 351
4 173 569
4 174 999
4 175 330
4 175 333
4 176 816
4 177 729
4 179 653
4 180 703
4 181 381
4 182 295
4 182 320
4 183 939
4 184 550
4 184 954
4 186 40
4 188 518
4 188 586
4 189 669
4 190 192
4 191 733
4 192 854
4 193 18
4 193 184
4 193 690
4 195 368
4 195 700
4 197 173
4 197 389
4 197 606
4 198 210
4 200 875
4 201 851
4 202 289
4 202 406
4 204 865
4 206 755
4 208 58
4 211 599
4 212 369
4 213 884
4 214 664
4 216 787
4 218 4
4 220 557
4 220 784
4 220 862
4 223 101
4 225 282
4 225 589
4 225 719
4 225 926
4 226 378
4 226 610
4 226 785
4 227 420
4 227 861
4 228 341
4 228 941
4 230 883
4 231 172
4 232 197
4 232 498
4 233 10
4 237 37
4 237 153
4 239 257
4 240 527
4 241 409
4 242 39
4 242 166
4 244 83
4 245 388
4 247 456
4 247 994
4 249 367
4 249 423
4 250 16
4 250 418
4 251 454
4 252 145
4 252 911
4 253 713
4 256 164
4 256 340
4 256 650
4 256 685
4 257 718
4 258 168
4 258 507
4 258 522
4 258 999
4 259 839
4 261 31
4 261 75
4 262 402
4 262 409
4 263 100
4 263 533
4 264 444
4 265 624
4 267 605
4 268 139
4 268 511
4 268 673
4 269 818
4 270 119
4 270 314
4 271 113
4 273 978
4 274 359
4 274 785
4 275 445
4 275 899
4 276 284
4 276 567
4 278 263
4 278 551
4 279 250
4 279 315
4 279 616
4 280 930
4 281 72
4 283 48
4 284 263
4 286 471
4 288 90
4 289 966
4 289 995
4 294 548
4 296 896
4 298 302
4 298 489
4 299 649
4 300 141
4 300 994
4 301 73
4 301 410
4 301 671
4 303 119
4 303 953
4 304 197
4 304 225
4 304 881
4 305 801
4 307 441
4 309 584
4 311 541
4 316 717
4 318 101
4 319 75
4 320 496
4 321 771
4 321 953
4 322 323
4 323 357
4 324 345
4 324 347
4 327 855
4 328 908
4 330 330
4 334 75
4 334 440
4 334 738
4 334 879
4 336 113
4 337 176
4 337 927
4 338 536
4 341 156
4 342 555
4 342 764
4 343 229
4 343 370
4 344 42
4 344 291
4 346 851
4 348 647
4 349 450
4 350 57
4 351 40
4 352 111
4 352 699
4 356 749
4 358 896
4 358 987
4 361 983
4 362 43
4 363 638
4 364 121
4 364 264
4 364 534
4 364 693
4 364 767
4 365 87
4 366 304
4 366 977
4 367 190
4 367 219
4 367 855
4 368 472
4 369 985
4 370 359
4 372 438
4 372 832
4 373 902
4 375 536
4 375 650
4 377 919
4 380 231
4 381 222
4 381 590
4 382 113
4 382 328
4 383 9
4 383 508
4 383 861
4 383 973
4 385 847
4 387 196
4 388 580
4 389 153
4 389 938
4 390 670
4 391 678
4 392 618
4 393 873
4 394 150
4 395 367
4 396 415
4 397 179
4 397 414
4 398 155
4 400 316
4 402 94
4 406 351
4 406 412
4 406 831
4 407 143
4 407 229
4 408 58
4 409 626
4 409 966
4 410 696
4 410 771
4 410 854
4 413 894
4 414 45
4 414 630
4 419 685
4 419 827
4 420 342
4 421 151
4 421 281
4 422 197
4 423 515
4 423 929
4 424 724
4 425 291
4 428 936
4 429 605
4 429 802
4 429 879
4 430 720
4 431 547
4 432 870
4 435 391
4 438 957
4 439 752
4 439 899
4 441 176
4 441 541
4 444 118
4 444 768
4 445 12
4 447 872
4 448 740
4 454 795
4 457 755
4 460 385
4 460 530
4 460 576
4 460 929
4 461 5
4 461 266
4 461 411
4 461 849
4 464 381
4 464 453
4 464 746
4 465 52
4 465 966
4 467 883
4 469 949
4 470 204
4 470 360
4 471 522
4 473 601
4 474 352
4 476 379
4 476 402
4 477 254
4 478 1
4 479 451
4 480 559
4 480 877
4 483 968
4 486 204
4 489 95
4 490 424
4 490 577
4 491 641
4 491 930
4 492 238
4 492 526
4 492 761
4 494 130
4 494 750
4 495 669
4 497 951
4 498 745
4 498 969
4 499 842
4 500 765
4 501 83
4 502 410
4 502 890
4 503 120
4 503 389
4 508 716
4 510 503
4 510 944
4 511 886
4 512 872
4 513 646
4 514 132
4 514 749
4 514 777
4 514 831
4 515 288
4 516 320
4 516 604
4 517 221
4 518 545
4 518 626
4 521 304
4 521 484
4 522 652
4 523 552
4 524 753
4 524 775
4 526 436
4 527 386
4 527 495
4 528 285
4 528 507
4 530 89
4 530 547
4 530 955
4 533 723
4 533 730
4 533 783
4 533 866
4 534 116
4 534 960
4 535 8
4 535 338
4 536 137
4 537 59
4 537 285
4 537 444
4 538 233
4 538 772
4 539 191
4 540 194
4 541 225
4 542 815
4 543 25
4 544 549
4 544 666
4 544 677
4 544 853
4 544 988
4 545 269
4 545 925
4 546 37
4 546 364
4 547 150
4 547 383
4 548 319
4 548 417
4 548 740
4 549 55
4 551 586
4 552 519
4 553 114
4 553 251
4 554 888
4 555 515
4 556 193
4 557 948
4 559 439
4 562 884
4 563 98
4 563 144
4 565 656
4 565 871
4 566 676
4 568 587
4 569 254
4 572 462
4 573 431
4 574 167
4 576 908
4 578 822
4 579 101
4 579 230
4 580 848
4 581 960
4 583 178
4 583 506
4 585 769
4 586 125
4 586 591
4 586 934
4 587 793
4 590 181
4 590 366
4 590 371
4 592 865
4 594 311
4 595 354
4 595 761
4 596 43
4 597 128
4 597 211
4 597 715
4 597 849
4 598 465
4 600 360
4 600 953
4 601 148
4 604 295
4 604 762
4 610 729
4 610 927
4 612 780
4 612 891
4 613 17
4 613 35
4 613 348
4 613 760
4 614 157
4 614 280
4 614 603
4 614 904
4 615 478
4 615 592
4 617 735
4 618 446
4 618 868
4 619 643
4 619 718
4 621 53
4 626 62
4 626 111
4 628 253
4 631 115
4 631 516
4 631 793
4 633 976
4 635 502
4 635 739
4 635 830
4 636 764
4 637 509
4 637 640
4 638 974
4 639 83
4 639 303
4 639 691
4 640 11
4 640 181
4 641 785
4 643 200
4 645 893
4 646 459
4 648 169
4 649 449
4 649 460
4 649 644
4 649 746
4 655 485
4 656 876
4 656 912
4 657 738
4 657 840
4 658 832
4 659 74
4 659 118
4 659 326
4 659 876
4 660 429
4 660 563
4 661 68
4 661 201
4 662 67
4 664 913
4 665 261
4 668 359
4 668 430
4 668 434
4 670 230
4 670 632
4 671 109
4 673 650
4 674 471
4 674 593
4 676 225
4 678 62
4 680 386
4 680 418
4 681 29
4 681 732
4 683 131
4 685 256
4 685 742
4 685 937
4 687 27
4 687 415
4 688 38
4 688 575
4 688 978
4 689 762
4 690 811
4 693 159
4 693 371
4 695 318
4 696 978
4 697 473
4 698 67
4 699 896
4 700 302
4 701 254
4 704 587
4 706 137
4 707 396
4 707 803
4 707 920
4 708 422
4 708 908
4 710 159
4 711 9
4 712 629
4 713 277
4 714 360
4 715 501
4 715 563
4 716 395
4 718 756
4 720 154
4 720 297
4 723 596
4 724 415
4 725 318
4 726 713
4 726 892
4 727 273
4 728 498
4 731 846
4 732 172
4 732 532
4 734 490
4 735 282
4 735 583
4 735 780
4 735 872
4 738 355
4 739 221
4 741 247
4 742 616
4 743 474
4 743 626
4 743 974
4 744 8
4 744 404
4 744 681
4 745 229
4 746 611
4 747 84
4 747 185
4 747 351
4 747 940
4 748 744
4 748 763
4 749 796
4 750 217
4 751 529
4 753 220
4 754 226
4 755 54
4 757 478
4 758 95
4 758 598
4 761 146
4 761 802
4 762 547
4 762 617
4 765 299
4 765 310
4 767 878
4 768 472
4 768 576
4 768 744
4 769 912
4 770 271
4 771 836
4 772 131
4 772 222
4 775 373
4 776 285
4 778 795
4 778 910
4 778 985
4 779 663
4 780 447
4 782 930
4 784 348
4 785 168
4 785 192
4 786 868
4 787 44
4 788 875
4 792 9
4 793 146
4 793 582
4 793 728
4 793 840
4 794 177
4 794 804
4 795 483
4 797 547
4 797 735
4 798 763
4 799 446
4 803 338
4 805 137
4 806 338
4 806 605
4 808 430
4 809 16
4 809 655
4 811 714
4 812 352
4 812 517
4 813 751
4 815 224
4 815 525
4 817 6
4 817 614
4 819 608
4 820 739
4 823 101
4 823 161
4 823 405
4 825 382
4 827 287
4 827 995
4 830 228
4 830 429
4 830 837
4 830 980
4 831 56
4 831 249
4 832 46
4 832 253
4 832 313
4 833 438
4 839 3
4 840 780
4 844 47
4 844 82
4 845 176
4 846 672
4 848 461
4 849 910
4 850 378
4 851 956
4 852 42
4 853 911
4 854 697
4 855 358
4 856 1
4 856 834
4 859 368
4 860 125
4 860 379
4 861 914
4 862 325
4 862 327
4 864 21
4 865 82
4 865 763
4 865 990
4 867 499
4 867 559
4 868 47
4 869 341
4 869 388
4 869 537
4 870 41
4 870 925
4 873 802
4 874 802
4 878 897
4 879 141
4 881 38
4 883 225
4 883 267
4 884 10
4 884 422
4 885 861
4 886 648
4 887 965
4 888 546
4 889 157
4 889 300
4 892 403
4 892 911
4 893 694
4 895 350
4 900 525
4 900 747
4 900 875
4 901 506
4 903 556
4 904 846
4 908 962
4 909 287
4 912 506
4 913 70
4 913 979
4 914 696
4 914 892
4 915 726
4 915 855
4 916 154
4 916 727
4 917 677
4 918 103
4 918 503
4 918 645
4 918 655
4 918 974
4 920 255
4 920 529
4 921 956
4 924 680
4 924 775
4 924 931
4 925 56
4 925 918
4 926 477
4 926 935
4 929 819
4 930 65
4 930 100
4 931 76
4 931 786
4 933 337
4 933 441
4 933 832
4 935 473
4 938 33
4 938 51
4 939 375
4 940 511
4 941 118
4 942 437
4 942 981
4 943 375
4 943 980
4 944 812
4 945 706
4 946 665
4 947 732
4 950 45
4 950 125
4 950 775
4 952 129
4 952 159
4 952 551
4 952 645
4 954 759
4 955 402
4 955 403
4 955 517
4 957 184
4 957 606
4 957 924
4 958 964
4 959 773
4 961 496
4 964 731
4 964 983
4 965 887
4 966 208
4 966 624
4 967 982
4 968 215
4 969 139
4 970 334
4 971 692
4 971 756
4 972 608
4 972 663
4 973 45
4 974 438
4 975 765
4 977 118
4 977 608
4 977 664
4 977 890
4 980 926
4 981 227
4 981 959
4 983 114
4 985 193
4 987 495
4 987 543
4 988 462
4 990 110
4 991 452
4 993 76
4 994 362
4 995 505
4 996 196
4 997 37
4 997 623
4 997 743
4 998 903
4 999 48
4 999 572
4 999 864
5 1 213
5 2 610
5 4 192
5 4 928
5 5 666
5 6 380
5 6 615
5 6 817
5 6 823
5 6 915
5 7 57
5 7 78
5 7 729
5 10 29
5 10 649
5 11 824
5 13 38
5 15 983
5 16 278
5 20 296
5 22 677
5 24 309
5 24 471
5 26 545
5 27 153
5 27 196
5 28 271
5 33 190
5 33 961
5 34 311
5 36 154
5 36 895
5 38 53
5 39 976
5 40 302
5 41 846
5 42 390
5 43 914
5 47 177
5 47 516
5 51 717
5 52 18
5 53 12
5 53 950
5 54 870
5 57 448
5 61 484
5 63 90
5 63 361
5 64 789
5 66 787
5 68 995
5 70 514
5 70 931
5 73 374
5 73 501
5 74 315
5 74 727
5 75 623
5 77 181
5 79 434
5 80 34
5 80 53
5 81 521
5 82 543
5 83 257
5 83 764
5 83 983
5 84 900
5 85 661
5 86 716
5 87 156
5 88 692
5 89 828
5 91 499
5 92 190
5 92 230
5 92 323
5 92 675
5 94 299
5 94 397
5 95 362
5 95 682
5 96 581
5 98 257
5 98 478
5 98 727
5 99 561
5 103 159
5 105 315
5 106 18
5 106 738
5 107 597
5 110 22
5 112 212
5 112 400
5 112 547
5 112 747
5 112 854
5 113 704
5 114 71
5 115 257
5 116 76
5 116 178
5 117 5
5 117 808
5 118 48
5 118 291
5 119 755
5 120 920
5 123 892
5 125 638
5 126 66
5 126 76
5 126 626
5 127 243
5 128 28
5 128 922
5 129 467
5 130 846
5 130 875
5 132 12
5 134 301
5 134 515
5 135 494
5 135 762
5 135 908
5 135 959
5 137 794
5 138 437
5 138 993
5 139 573
5 139 685
5 140 745
5 141 35
5 141 484
5 142 398
5 144 134
5 145 378
5 147 616
5 148 794
5 148 828
5 149 517
5 150 201
5 150 823
5 151 482
5 151 580
5 152 133
5 152 316
5 152 705
5 153 596
5 153 860
5 154 838
5 155 634
5 156 561
5 159 234
5 159 917
5 160 75
5 160 933
5 161 92
5 161 335
5 161 978
5 162 721
5 162 764
5 163 945
5 164 233
5 164 819
5 165 202
5 165 996
5 166 584
5 167 139
5 167 329
5 167 650
5 170 27
5 170 227
5 171 861
5 172 555
5 174 244
5 174 675
5 176 43
5 177 572
5 178 682
5 181 209
5 182 976
5 183 355
5 184 524
5 187 508
5 187 571
5 187 778
5 190 137
5 191 701
5 193 732
5 194 304
5 194 535
5 195 663
5 197 24
5 197 750
5 198 525
5 200 464
5 200 480
5 202 99
5 202 526
5 202 685
5 203 213
5 203 941
5 206 255
5 208 136
5 208 333
5 208 734
5 211 412
5 215 786
5 218 520
5 218 645
5 218 841
5 221 299
5 224 167
5 224 893
5 224 963
5 225 618
5 226 796
5 227 504
5 230 201
5 231 246
5 233 98
5 234 130
5 237 180
5 238 642
5 239 718
5 240 362
5 240 738
5 241 453
5 241 854
5 246 515
5 248 514
5 248 703
5 249 954
5 250 903
5 252 94
5 252 862
5 253 640
5 253 933
5 254 15
5 254 324
5 255 946
5 257 532
5 257 687
5 260 345
5 260 559
5 261 866
5 262 926
5 263 306
5 267 618
5 268 426
5 270 66
5 270 605
5 271 215
5 271 640
5 272 509
5 272 870
5 274 14
5 274 240
5 274 635
5 275 443
5 278 49
5 281 535
5 282 801
5 284 114
5 286 724
5 287 415
5 288 734
5 289 818
5 290 689
5 292 273
5 292 946
5 294 253
5 294 300
5 294 362
5 295 96
5 296 139
5 297 313
5 297 498
5 299 491
5 300 645
5 300 685
5 301 583
5 302 563
5 303 256
5 304 720
5 309 581
5 310 135
5 311 462
5 312 346
5 312 399
5 312 408
5 312 498
5 313 445
5 313 448
5 314 398
5 315 167
5 315 404
5 315 405
5 316 611
5 317 551
5 318 886
5 322 631
5 323 215
5 323 292
5 323 559
5 324 419
5 324 561
5 325 382
5 326 267
5 326 554
5 328 846
5 329 434
5 329 930
5 329 994
5 331 849
5 332 570
5 333 171
5 333 833
5 334 694
5 335 459
5 335 616
5 337 11
5 339 370
5 339 413
5 340 330
5 341 755
5 343 887
5 343 904
5 343 935
5 344 617
5 346 418
5 347 470
5 348 278
5 350 284
5 351 745
5 352 292
5 352 380
5 356 269
5 356 555
5 358 31
5 361 731
5 363 25
5 364 392
5 364 445
5 364 709
5 365 214
5 365 667
5 366 825
5 367 339
5 370 235
5 370 424
5 371 371
5 371 714
5 371 841
5 374 423
5 376 10
5 376 636
5 376 984
5 377 842
5 378 405
5 378 725
5 379 920
5 380 270
5 380 300
5 381 374
5 382 655
5 385 147
5 385 742
5 389 316
5 390 947
5 391 416
5 392 66
5 392 450
5 393 815
5 394 54
5 394 360
5 394 411
5 395 450
5 395 871
5 397 233
5 397 300
5 397 863
5 400 633
5 401 406
5 402 119
5 404 575
5 404 763
5 405 234
5 408 866
5 408 916
5 409 362
5 409 989
5 410 144
5 410 909
5 411 232
5 411 697
5 412 506
5 414 262
5 414 766
5 415 672
5 416 444
5 417 36
5 417 485
5 417 706
5 418 334
5 418 372
5 418 612
5 420 159
5 421 81
5 421 627
5 421 657
5 422 971
5 425 323
5 425 520
5 425 986
5 426 919
5 426 972
5 427 268
5 428 24
5 428 401
5 428 475
5 431 241
5 431 972
5 432 427
5 434 10
5 434 694
5 434 909
5 435 976
5 437 323
5 442 968
5 446 193
5 446 893
5 447 237
5 451 48
5 454 6
5 454 17
5 454 711
5 454 726
5 455 284
5 456 131
5 456 608
5 458 870
5 459 563
5 459 934
5 462 385
5 464 627
5 464 961
5 467 876
5 470 927
5 471 931
5 472 321
5 473 3
5 473 672
5 478 934
5 480 159
5 480 264
5 480 360
5 480 801
5 481 874
5 484 935
5 486 968
5 490 542
5 492 283
5 493 395
5 494 313
5 495 91
5 496 16
5 496 91
5 496 430
5 496 847
5 496 908
5 499 369
5 501 305
5 503 115
5 505 219
5 507 176
5 509 65
5 509 387
5 509 403
5 509 674
5 509 784
5 511 837
5 512 544
5 512 684
5 512 785
5 514 281
5 514 397
5 514 948
5 515 29
5 515 109
5 515 876
5 515 968
5 516 222
5 516 868
5 517 887
5 518 417
5 518 759
5 519 103
5 519 687
5 519 959
5 520 940
5 521 447
5 524 758
5 525 64
5 525 394
5 526 101
5 527 804
5 529 331
5 530 169
5 530 344
5 530 425
5 530 814
5 531 216
5 531 340
5 531 477
5 531 689
5 532 231
5 532 611
5 535 190
5 536 360
5 537 33
5 537 527
5 538 186
5 538 339
5 539 280
5 539 718
5 540 899
5 542 134
5 542 586
5 542 969
5 543 739
5 546 590
5 547 76
5 547 832
5 548 401
5 548 634
5 548 885
5 549 178
5 549 216
5 549 688
5 549 739
5 549 919
5 550 160
5 550 291
5 551 19
5 553 522
5 555 138
5 557 139
5 557 618
5 557 735
5 558 327
5 558 982
5 559 273
5 562 184
5 563 376
5 564 98
5 564 155
5 565 170
5 565 569
5 566 153
5 568 678
5 569 695
5 569 779
5 569 936
5 570 930
5 572 752
5 576 597
5 576 701
5 578 649
5 579 327
5 580 497
5 581 359
5 584 461
5 584 563
5 584 928
5 585 621
5 585 649
5 585 691
5 587 145
5 591 615
5 592 73
5 592 167
5 593 409
5 593 769
5 596 83
5 597 23
5 597 161
5 599 647
5 600 768
5 600 895
5 601 315
5 602 25
5 602 36
5 604 655
5 605 375
5 606 890
5 609 974
5 610 692
5 611 922
5 612 292
5 613 49
5 613 141
5 613 374
5 613 829
5 616 312
5 616 371
5 616 451
5 617 590
5 620 153
5 620 254
5 620 327
5 622 271
5 622 910
5 623 210
5 623 550
5 623 625
5 624 254
5 625 260
5 625 548
5 626 32
5 626 814
5 627 776
5 628 38
5 628 197
5 629 459
5 630 673
5 631 976
5 634 164
5 634 215
5 634 351
5 636 408
5 636 516
5 636 626
5 638 720
5 639 937
5 639 974
5 640 684
5 640 991
5 642 951
5 643 78
5 643 163
5 644 324
5 644 798
5 644 855
5 645 664
5 646 715
5 647 246
5 648 389
5 650 130
5 650 428
5 650 875
5 651 733
5 651 902
5 652 715
5 653 111
5 655 985
5 656 440
5 657 778
5 658 164
5 659 818
5 660 33
5 660 75
5 661 92
5 661 211
5 662 755
5 663 168
5 663 653
5 664 637
5 664 738
5 665 467
5 666 120
5 668 293
5 671 237
5 671 375
5 676 177
5 676 914
5 679 955
5 682 125
5 682 460
5 682 800
5 685 21
5 685 781
5 686 989
5 687 544
5 688 276
5 689 449
5 690 948
5 691 143
5 691 499
5 691 829
5 692 696
5 693 361
5 694 413
5 694 416
5 694 454
5 695 868
5 696 36
5 698 596
5 701 23
5 702 468
5 702 718
5 703 671
5 703 815
5 704 200
5 705 3
5 708 446
5 708 970
5 711 777
5 711 819
5 713 298
5 713 515
5 715 398
5 715 954
5 716 112
5 718 275
5 718 522
5 719 625
5 720 427
5 720 735
5 721 77
5 722 887
5 723 448
5 724 757
5 724 873
5 725 3
5 725 897
5 726 624
5 729 109
5 729 917
5 731 433
5 732 654
5 733 112
5 734 990
5 735 336
5 735 459
5 740 830
5 741 113
5 741 218
5 742 3
5 743 46
5 743 647
5 747 6
5 747 441
5 747 696
5 747 752
5 748 746
5 749 885
5 750 277
5 751 513
5 753 503
5 754 244
5 754 538
5 754 772
5 755 322
5 755 361
5 755 817
5 756 812
5 757 424
5 757 920
5 762 996
5 763 538
5 763 832
5 764 483
5 764 647
5 765 438
5 766 400
5 768 782
5 770 102
5 770 365
5 771 397
5 771 527
5 771 788
5 771 901
5 773 167
5 775 822
5 776 576
5 777 188
5 777 691
5 778 197
5 780 259
5 780 746
5 780 928
5 781 78
5 781 88
5 781 265
5 781 625
5 781 696
5 782 766
5 783 252
5 783 965
5 784 149
5 784 805
5 785 1000
5 789 236
5 789 785
5 790 65
5 791 608
5 792 64
5 792 178
5 792 312
5 792 759
5 793 730
5 795 652
5 797 730
5 799 360
5 800 208
5 800 301
5 802 740
5 803 545
5 805 822
5 806 980
5 807 723
5 809 49
5 809 272
5 811 322
5 811 408
5 812 686
5 815 85
5 815 208
5 815 515
5 815 603
5 816 702
5 817 47
5 818 803
5 821 779
5 821 788
5 821 940
5 822 502
5 823 558
5 825 111
5 826 376
5 826 947
5 827 491
5 828 201
5 828 260
5 829 831
5 829 892
5 832 131
5 835 648
5 836 181
5 837 299
5 837 464
5 837 724
5 837 836
5 837 948
5 840 833
5 840 873
5 843 491
5 843 658
5 843 760
5 844 323
5 844 779
5 845 195
5 845 332
5 847 842
5 850 495
5 850 892
5 851 323
5 852 157
5 852 255
5 854 380
5 854 420
5 855 459
5 858 323
5 858 978
5 859 180
5 860 690
5 860 844
5 861 110
5 862 111
5 863 376
5 863 834
5 864 882
5 865 675
5 865 785
5 866 772
5 870 192
5 873 961
5 875 381
5 875 593
5 875 834
5 876 129
5 876 255
5 876 944
5 877 975
5 878 892
5 879 143
5 879 479
5 880 858
5 881 221
5 882 283
5 883 109
5 883 231
5 886 861
5 887 647
5 888 185
5 888 697
5 890 649
5 891 853
5 893 245
5 895 838
5 897 841
5 897 850
5 900 107
5 900 734
5 901 75
5 902 701
5 904 69
5 907 220
5 907 538
5 907 894
5 907 916
5 909 30
5 911 430
5 913 30
5 916 885
5 916 935
5 917 303
5 917 430
5 917 635
5 918 317
5 920 329
5 920 648
5 920 863
5 921 730
5 923 189
5 924 257
5 924 914
5 924 918
5 928 613
5 931 146
5 932 33
5 936 974
5 939 793
5 940 119
5 940 392
5 941 41
5 941 877
5 942 228
5 942 261
5 942 285
5 942 599
5 944 454
5 944 780
5 945 247
5 946 617
5 946 886
5 947 133
5 947 151
5 948 579
5 948 789
5 949 687
5 951 867
5 952 381
5 952 624
5 953 201
5 953 657
5 956 826
5 957 74
5 957 169
5 958 232
5 959 494
5 959 815
5 960 3
5 961 472
5 962 24
5 965 317
5 966 34
5 969 984
5 970 106
5 970 729
5 970 937
5 970 992
5 971 398
5 973 126
5 973 317
5 974 167
5 974 504
5 975 626
5 975 996
5 976 469
5 978 928
5 980 195
5 980 711
5 981 295
5 983 297
5 983 549
5 983 554
5 983 783
5 984 689
5 984 860
5 985 43
5 985 886
5 985 922
5 988 239
5 989 74
5 989 142
5 990 610
5 991 46
5 991 938
5 992 180
5 994 529
5 995 247
5 995 954
5 999 480
6 2 189
6 2 429
6 3 419
6 6 209
6 6 715
6 7 837
6 8 717
6 8 818
6 9 828
6 11 159
6 11 937
6 12 144
6 13 690
6 14 693
6 14 794
6 16 802
6 21 476
6 21 612
6 22 598
6 22 699
6 23 879
6 24 220
6 24 511
6 25 377
6 25 803
6 27 416
6 27 689
6 28 506
6 31 577
6 32 864
6 33 358
6 35 358
6 40 385
6 40 612
6 41 246
6 41 404
6 43 972
6 44 80
6 44 747
6 44 862
6 45 318
6 45 527
6 46 227
6 46 858
6 49 47
6 49 617
6 50 654
6 51 147
6 51 419
6 51 467
6 51 730
6 53 588
6 54 239
6 56 394
6 58 126
6 58 893
6 59 293
6 61 491
6 62 584
6 64 828
6 66 54
6 67 229
6 68 524
6 68 795
6 68 914
6 69 286
6 70 168
6 70 794
6 73 969
6 74 340
6 75 90
6 76 147
6 77 535
6 77 677
6 77 951
6 78 297
6 80 635
6 82 170
6 84 39
6 84 488
6 85 439
6 85 595
6 87 345
6 89 553
6 89 611
6 91 913
6 93 317
6 93 387
6 93 883
6 94 202
6 96 17
6 98 115
6 99 135
6 100 813
6 101 703
6 102 381
6 102 407
6 103 135
6 105 355
6 106 980
6 108 830
6 109 312
6 111 884
6 114 314
6 116 233
6 118 656
6 118 674
6 120 998
6 124 413
6 124 624
6 125 999
6 126 393
6 127 111
6 127 364
6 128 523
6 129 163
6 130 181
6 131 215
6 132 103
6 133 543
6 134 537
6 136 543
6 137 192
6 137 286
6 137 914
6 137 990
6 138 52
6 139 178
6 139 535
6 139 946
6 141 209
6 142 720
6 142 811
6 144 205
6 144 234
6 146 132
6 149 741
6 150 231
6 152 185
6 152 344
6 153 515
6 154 391
6 154 984
6 156 182
6 157 170
6 157 552
6 159 80
6 159 549
6 161 732
6 162 21
6 162 848
6 164 522
6 164 718
6 164 815
6 166 143
6 168 331
6 168 668
6 168 685
6 168 914
6 169 310
6 170 280
6 170 888
6 170 940
6 172 29
6 172 519
6 176 758
6 178 501
6 179 356
6 180 618
6 180 681
6 180 753
6 182 241
6 182 614
6 182 714
6 183 23
6 183 662
6 184 3
6 184 503
6 184 820
6 186 760
6 187 434
6 187 850
6 188 847
6 188 866
6 189 699
6 190 189
6 191 333
6 191 411
6 192 624
6 193 331
6 193 773
6 194 446
6 194 1000
6 195 43
6 195 852
6 199 646
6 200 110
6 201 167
6 204 209
6 205 335
6 205 861
6 205 995
6 207 894
6 208 18
6 208 702
6 210 759
6 211 911
6 215 146
6 215 944
6 216 787
6 217 961
6 219 779
6 221 27
6 221 774
6 222 386
6 222 848
6 223 62
6 223 351
6 225 245
6 225 618
6 226 390
6 227 118
6 228 297
6 230 456
6 231 84
6 232 669
6 233 487
6 236 936
6 240 431
6 244 369
6 245 520
6 247 9
6 247 232
6 248 130
6 248 846
6 248 954
6 249 230
6 249 312
6 250 33
6 250 508
6 252 48
6 252 472
6 252 806
6 253 303
6 254 219
6 255 566
6 256 736
6 259 948
6 260 23
6 260 196
6 260 466
6 261 260
6 262 489
6 263 753
6 265 444
6 266 535
6 269 108
6 270 606
6 270 783
6 270 887
6 271 542
6 272 179
6 273 924
6 274 415
6 274 461
6 274 633
6 275 274
6 276 778
6 277 771
6 279 934
6 280 106
6 281 45
6 284 456
6 285 591
6 285 968
6 287 69
6 287 914
6 288 648
6 289 394
6 289 579
6 290 657
6 293 575
6 294 106
6 294 767
6 294 816
6 297 446
6 297 656
6 298 109
6 298 986
6 299 962
6 300 227
6 301 160
6 302 370
6 302 932
6 306 359
6 306 816
6 307 16
6 308 537
6 310 130
6 310 612
6 313 4
6 315 697
6 316 291
6 317 159
6 318 452
6 320 36
6 320 563
6 324 912
6 325 334
6 325 587
6 326 935
6 328 481
6 332 628
6 332 670
6 334 373
6 334 472
6 335 338
6 335 612
6 337 114
6 337 737
6 338 229
6 338 610
6 338 935
6 339 835
6 341 856
6 343 36
6 343 989
6 345 267
6 346 685
6 347 450
6 347 851
6 347 960
6 348 761
6 349 58
6 350 698
6 351 433
6 351 450
6 352 106
6 352 190
6 352 607
6 354 142
6 354 977
6 355 500
6 355 628
6 355 802
6 356 52
6 356 246
6 357 560
6 358 105
6 358 119
6 358 641
6 360 721
6 362 353
6 362 409
6 364 736
6 365 545
6 367 408
6 368 411
6 368 704
6 368 906
6 369 8
6 369 849
6 372 116
6 372 778
6 373 243
6 378 110
6 378 150
6 379 657
6 380 897
6 381 112
6 381 463
6 383 563
6 383 657
6 384 349
6 385 17
6 386 664
6 387 770
6 388 135
6 389 820
6 390 101
6 390 347
6 390 947
6 391 34
6 391 59
6 392 68
6 393 428
6 393 580
6 394 605
6 397 133
6 401 732
6 401 800
6 404 244
6 404 788
6 405 416
6 407 199
6 407 605
6 409 58
6 409 61
6 416 632
6 416 948
6 419 152
6 419 595
6 420 851
6 422 812
6 425 308
6 425 552
6 425 922
6 426 318
6 426 728
6 428 988
6 430 423
6 430 768
6 431 361
6 432 526
6 436 270
6 437 399
6 437 624
6 438 314
6 439 199
6 439 339
6 440 370
6 441 815
6 443 526
6 444 691
6 445 216
6 446 869
6 447 509
6 449 56
6 449 328
6 456 387
6 456 761
6 458 50
6 459 628
6 459 898
6 460 626
6 462 239
6 462 488
6 463 749
6 467 371
6 468 11
6 468 983
6 469 567
6 469 979
6 470 378
6 470 983
6 471 268
6 471 513
6 472 73
6 473 264
6 475 959
6 477 166
6 479 814
6 480 17
6 481 478
6 481 560
6 484 949
6 485 845
6 488 417
6 489 31
6 489 117
6 489 502
6 489 503
6 489 842
6 489 970
6 491 492
6 491 702
6 492 547
6 492 760
6 492 975
6 493 788
6 496 617
6 496 919
6 498 443
6 500 976
6 501 898
6 502 224
6 502 285
6 503 377
6 504 12
6 504 66
6 504 221
6 505 357
6 506 133
6 506 228
6 506 438
6 506 498
6 507 449
6 508 143
6 509 290
6 509 878
6 511 368
6 512 117
6 512 256
6 514 655
6 515 41
6 515 347
6 516 310
6 516 404
6 516 572
6 519 880
6 521 368
6 523 70
6 524 166
6 524 543
6 527 168
6 529 579
6 530 188
6 530 329
6 530 915
6 531 970
6 535 39
6 535 243
6 535 699
6 535 859
6 536 942
6 537 841
6 538 62
6 538 284
6 540 663
6 541 600
6 542 194
6 543 379
6 544 459
6 546 36
6 547 148
6 547 470
6 549 145
6 549 951
6 551 42
6 554 589
6 557 306
6 557 358
6 557 370
6 558 185
6 559 251
6 559 510
6 559 707
6 560 518
6 562 922
6 563 520
6 564 719
6 565 884
6 566 571
6 566 650
6 566 783
6 567 40
6 568 640
6 568 745
6 569 770
6 569 970
6 571 57
6 572 291
6 573 277
6 574 278
6 575 149
6 576 323
6 576 426
6 576 561
6 576 926
6 577 309
6 578 238
6 578 726
6 579 685
6 579 739
6 582 710
6 582 881
6 582 944
6 583 224
6 583 499
6 588 876
6 591 663
6 592 838
6 593 522
6 594 26
6 595 991
6 596 363
6 597 267
6 598 74
6 599 505
6 599 968
6 601 788
6 602 287
6 602 990
6 603 240
6 603 500
6 603 749
6 605 58
6 606 233
6 606 438
6 607 34
6 609 999
6 612 266
6 612 391
6 612 492
6 612 581
6 612 837
6 614 487
6 614 903
6 615 568
6 615 623
6 616 388
6 616 753
6 617 327
6 618 206
6 620 406
6 620 574
6 622 507
6 622 896
6 623 15
6 624 16
6 624 568
6 624 871
6 625 991
6 626 41
6 626 842
6 629 83
6 630 138
6 630 480
6 632 773
6 634 434
6 634 624
6 634 917
6 635 938
6 636 313
6 637 408
6 638 812
6 645 462
6 647 797
6 651 771
6 651 819
6 651 859
6 654 53
6 656 593
6 658 655
6 659 914
6 660 194
6 661 824
6 664 140
6 667 353
6 667 594
6 669 272
6 669 848
6 670 878
6 672 813
6 673 899
6 674 404
6 678 669
6 678 998
6 679 318
6 679 325
6 679 730
6 680 110
6 681 642
6 682 507
6 682 711
6 683 911
6 684 325
6 684 591
6 685 653
6 685 751
6 686 804
6 687 42
6 687 390
6 687 493
6 687 993
6 689 381
6 690 748
6 690 971
6 691 437
6 691 888
6 692 254
6 692 318
6 693 190
6 697 261
6 699 513
6 700 238
6 700 339
6 700 526
6 703 639
6 704 267
6 704 759
6 705 281
6 705 322
6 705 637
6 706 696
6 706 890
6 709 519
6 709 962
6 712 74
6 712 688
6 714 966
6 718 132
6 718 341
6 718 921
6 719 186
6 719 865
6 720 608
6 720 756
6 720 884
6 723 947
6 724 351
6 724 771
6 725 298
6 725 383
6 726 721
6 729 157
6 730 270
6 731 170
6 731 548
6 731 625
6 733 164
6 734 224
6 735 472
6 735 955
6 736 344
6 737 458
6 737 891
6 738 100
6 738 526
6 739 34
6 740 305
6 741 156
6 741 281
6 742 45
6 743 475
6 743 751
6 745 216
6 745 378
6 745 945
6 746 64
6 747 336
6 750 279
6 750 563
6 751 159
6 752 619
6 752 765
6 755 520
6 755 714
6 757 530
6 759 933
6 760 118
6 764 700
6 767 135
6 767 913
6 768 601
6 769 302
6 770 372
6 771 38
6 774 373
6 775 372
6 776 681
6 778 482
6 779 335
6 779 417
6 779 846
6 780 352
6 780 393
6 780 502
6 783 123
6 783 290
6 783 444
6 783 947
6 785 353
6 785 530
6 787 3
6 787 206
6 787 564
6 788 483
6 790 61
6 790 640
6 790 942
6 791 190
6 791 974
6 794 710
6 796 106
6 796 944
6 797 672
6 797 771
6 798 412
6 798 870
6 799 71
6 799 912
6 801 9
6 801 365
6 801 476
6 803 501
6 803 634
6 803 746
6 804 685
6 805 970
6 810 637
6 811 176
6 812 316
6 814 600
6 815 289
6 815 547
6 816 595
6 817 480
6 817 946
6 818 412
6 819 172
6 820 124
6 822 268
6 823 46
6 824 181
6 824 413
6 825 772
6 825 781
6 826 498
6 827 542
6 829 831
6 831 479
6 834 607
6 834 837
6 835 219
6 836 226
6 836 734
6 836 908
6 838 153
6 840 403
6 845 519
6 845 826
6 845 920
6 846 323
6 846 395
6 847 641
6 848 207
6 849 323
6 850 537
6 852 850
6 852 882
6 853 167
6 854 144
6 857 66
6 858 223
6 858 618
6 859 296
6 859 814
6 860 516
6 861 719
6 862 701
6 863 240
6 863 806
6 864 85
6 864 628
6 865 293
6 865 396
6 865 824
6 866 585
6 866 936
6 867 35
6 867 493
6 868 547
6 869 719
6 869 954
6 870 552
6 870 768
6 871 122
6 871 578
6 871 716
6 871 785
6 872 6
6 873 360
6 873 910
6 874 588
6 875 537
6 875 682
6 876 548
6 877 35
6 878 573
6 880 150
6 880 286
6 880 581
6 880 725
6 881 62
6 882 111
6 883 583
6 884 137
6 884 819
6 885 225
6 885 483
6 888 453
6 889 988
6 892 200
6 895 247
6 895 419
6 900 212
6 901 43
6 901 265
6 902 606
6 906 222
6 906 226
6 907 160
6 907 327
6 907 694
6 907 798
6 907 896
6 908 734
6 909 351
6 910 276
6 910 806
6 911 524
6 911 621
6 913 515
6 913 833
6 916 27
6 917 241
6 918 293
6 918 323
6 918 431
6 919 17
6 919 77
6 919 548
6 921 47
6 921 913
6 922 549
6 922 602
6 924 316
6 926 837
6 926 955
6 927 101
6 929 897
6 931 663
6 933 895
6 934 422
6 935 157
6 936 997
6 937 246
6 937 437
6 937 780
6 938 722
6 939 447
6 942 430
6 942 659
6 945 247
6 946 711
6 946 930
6 947 972
6 949 420
6 950 24
6 951 519
6 952 890
6 953 609
6 954 438
6 954 676
6 954 713
6 956 77
6 956 175
6 957 503
6 959 664
6 963 15
6 963 33
6 963 510
6 963 984
6 969 706
6 969 728
6 970 522
6 971 565
6 973 168
6 973 268
6 973 621
6 974 795
6 975 564
6 975 979
6 976 141
6 978 564
6 978 758
6 980 312
6 981 513
6 983 216
6 983 936
6 990 893
6 991 647
6 992 357
6 992 513
6 996 42
6 996 283
6 996 334
6 998 502
6 999 659
